1
pottedplant
0.92877406
162
544
251
596
2
pottedplant
0.9339579
162
544
251
596
3
pottedplant
0.92866945
162
544
251
596
4
pottedplant
0.92885095
162
544
251
596
5
pottedplant
0.9272707
162
544
251
596
6
pottedplant
0.9336236
162
544
250
597
7
pottedplant
0.93107593
162
544
250
597
8
pottedplant
0.9302172
162
544
250
597
9
pottedplant
0.9264212
162
544
250
597
10
pottedplant
0.9258753
162
544
250
597
11
pottedplant
0.9244183
162
544
250
597
12
pottedplant
0.9193265
162
544
250
597
13
pottedplant
0.91471964
157
542
244
599
14
pottedplant
0.914136
157
542
244
599
15
pottedplant
0.9100361
163
544
250
597
16
pottedplant
0.9091909
163
544
250
597
17
pottedplant
0.91139036
158
542
243
599
18
pottedplant
0.9083955
158
542
243
599
19
pottedplant
0.9094459
158
542
243
599
20
pottedplant
0.9081814
158
542
243
599
21
pottedplant
0.9073824
158
542
243
599
22
pottedplant
0.90725106
158
542
243
599
23
pottedplant
0.8997002
158
542
243
599
24
pottedplant
0.8977927
158
542
243
599
25
pottedplant
0.8961256
158
542
243
599
26
pottedplant
0.89431524
158
542
243
599
27
pottedplant
0.8959502
158
542
243
599
28
pottedplant
0.8952308
158
542
243
599
29
pottedplant
0.8834007
158
542
243
599
30
pottedplant
0.8802069
158
542
243
600
31
pottedplant
0.88197976
158
542
243
600
32
pottedplant
0.875723
158
542
243
600
33
pottedplant
0.87366444
158
542
243
600
34
pottedplant
0.8650603
158
542
243
600
35
pottedplant
0.87060624
158
542
243
600
36
pottedplant
0.8695664
158
543
243
600
37
pottedplant
0.8697955
158
543
243
600
38
pottedplant
0.8714532
158
543
243
600
39
pottedplant
0.8754598
158
542
243
600
40
pottedplant
0.8785058
158
542
243
600
41
pottedplant
0.8782422
158
542
243
600
42
pottedplant
0.87821645
158
543
243
600
43
pottedplant
0.8730931
158
543
243
600
44
pottedplant
0.8751752
163
544
250
598
45
pottedplant
0.8763326
158
543
243
600
46
pottedplant
0.8769171
158
543
243
600
47
pottedplant
0.8769476
163
544
250
598
48
pottedplant
0.8749609
163
545
250
598
49
pottedplant
0.88014245
158
543
243
600
50
pottedplant
0.88308316
158
543
243
600
51
pottedplant
0.8858284
158
543
243
600
52
pottedplant
0.8895317
158
543
243
600
53
pottedplant
0.89122564
158
543
243
600
54
pottedplant
0.8922457
158
543
243
600
55
pottedplant
0.8910378
158
543
243
600
56
pottedplant
0.89039534
158
543
243
600
57
pottedplant
0.8935975
158
542
243
601
58
pottedplant
0.8954592
158
542
243
600
59
pottedplant
0.8959982
158
542
243
601
60
pottedplant
0.8959004
158
542
243
601
61
pottedplant
0.8950121
163
544
250
599
62
pottedplant
0.8964731
163
544
250
598
63
pottedplant
0.8961847
163
544
250
599
64
pottedplant
0.89831096
163
544
250
599
65
pottedplant
0.8977161
163
544
250
598
66
pottedplant
0.9012478
158
542
243
600
67
pottedplant
0.9024221
158
542
243
600
68
pottedplant
0.8977768
158
542
243
600
69
pottedplant
0.8965501
158
542
243
600
70
pottedplant
0.89597845
158
542
243
600
71
pottedplant
0.8975844
158
542
243
600
72
pottedplant
0.8961394
158
542
243
600
73
pottedplant
0.89366174
158
542
243
600
74
pottedplant
0.8947075
158
542
243
600
75
pottedplant
0.89355844
158
542
243
600
76
pottedplant
0.8950887
158
542
243
601
77
pottedplant
0.89536893
158
542
243
601
78
pottedplant
0.8988638
158
542
243
601
79
pottedplant
0.91172683
157
542
243
600
80
pottedplant
0.9146466
156
542
244
598
81
pottedplant
0.90883654
157
542
244
599
82
pottedplant
0.90616333
161
544
252
595
83
vase
0.37439582
301
362
402
413
83
pottedplant
0.88015354
161
544
252
593
84
pottedplant
0.897094
156
541
245
592
85
pottedplant
0.9093223
160
542
252
591
86
pottedplant
0.9029254
159
542
253
590
87
pottedplant
0.92051244
160
541
252
590
88
pottedplant
0.929169
160
539
251
590
89
pottedplant
0.92902166
160
538
251
589
89
chair
0.3961898
164
287
331
376
90
pottedplant
0.94628286
160
537
251
588
90
chair
0.65471095
169
286
327
383
91
pottedplant
0.9558265
160
536
251
588
91
chair
0.6441579
171
282
330
388
91
person
0.5409146
89
361
396
479
92
pottedplant
0.9486487
157
534
245
587
92
chair
0.6223215
171
283
332
389
93
pottedplant
0.93256927
160
534
251
585
93
chair
0.7518889
166
282
335
385
94
pottedplant
0.92313075
159
532
253
585
94
chair
0.9006078
165
281
335
382
95
laptop
0.35937232
310
4
400
102
95
pottedplant
0.9341925
160
530
252
586
95
chair
0.9012229
166
279
335
379
96
laptop
0.30937773
310
4
399
103
96
pottedplant
0.9265084
161
529
252
586
96
chair
0.91955674
165
273
339
362
97
pottedplant
0.9203546
160
529
252
585
97
chair
0.96356183
164
272
341
360
98
laptop
0.32520217
309
5
400
101
98
pottedplant
0.9341236
163
522
251
581
98
chair
0.9745575
166
270
337
360
99
pottedplant
0.93457365
163
521
251
581
99
chair
0.9672334
166
267
340
360
100
pottedplant
0.9475673
163
521
251
581
100
chair
0.9499052
166
263
339
357
101
pottedplant
0.95848554
163
520
251
581
101
chair
0.9622271
167
261
338
353
102
pottedplant
0.949123
164
519
251
581
102
chair
0.986911
169
258
337
349
103
pottedplant
0.96607316
164
518
252
581
103
chair
0.98192257
168
257
335
346
103
bench
0.30337712
164
231
330
406
104
pottedplant
0.96331114
164
516
253
581
104
chair
0.98540395
168
255
335
344
105
diningtable
0.31497458
168
225
322
405
105
pottedplant
0.9641255
164
515
253
581
105
chair
0.98045707
170
252
336
341
106
pottedplant
0.9556504
165
516
251
580
106
chair
0.98072004
171
249
338
339
106
person
0.82304335
108
380
401
504
107
pottedplant
0.9370305
164
514
253
580
107
chair
0.9674933
168
236
337
338
107
person
0.97413945
109
381
399
507
108
pottedplant
0.95637304
163
512
254
578
108
chair
0.98843706
167
233
343
333
108
person
0.99163055
111
381
397
511
109
pottedplant
0.9492341
164
512
255
578
109
chair
0.9837255
170
229
341
329
109
person
0.9946522
104
380
396
513
110
pottedplant
0.9556607
163
515
255
579
110
chair
0.9858287
169
222
341
328
110
person
0.9867945
108
381
390
514
111
pottedplant
0.96058315
162
515
254
577
111
chair
0.98432547
167
221
345
321
111
person
0.99685377
117
385
386
515
112
laptop
0.31028706
311
2
398
98
112
pottedplant
0.95985883
161
513
257
575
112
chair
0.9780096
167
215
347
318
112
person
0.98595214
116
384
390
518
113
laptop
0.6497892
312
4
398
98
113
pottedplant
0.95020056
162
514
255
574
113
chair
0.97329414
165
201
349
316
113
person
0.99606854
115
383
382
520
114
laptop
0.54405725
309
4
399
98
114
pottedplant
0.8026813
162
514
253
573
114
chair
0.97917515
165
195
368
311
114
person
0.8373932
112
389
378
528
115
laptop
0.81001675
308
4
400
100
115
pottedplant
0.8729467
161
514
254
569
115
chair
0.9299305
166
189
372
304
115
person
0.98815423
117
393
371
529
116
vase
0.31817546
220
521
255
552
116
laptop
0.49907935
307
4
400
101
116
pottedplant
0.7569167
160
513
254
567
116
chair
0.86446565
165
184
374
301
116
person
0.7346397
116
410
364
535
117
vase
0.3464667
219
521
257
551
117
laptop
0.96202916
305
4
402
102
117
pottedplant
0.5832468
160
514
260
566
117
chair
0.9554368
167
154
372
294
118
laptop
0.93546784
306
4
402
103
118
chair
0.92849684
168
153
377
288
119
laptop
0.7634581
307
3
402
104
119
chair
0.93915755
171
151
378
281
120
laptop
0.58632
306
3
402
102
120
chair
0.94137204
174
117
386
276
121
chair
0.94276065
171
118
395
271
122
laptop
0.37181792
307
5
401
98
122
chair
0.9568822
171
111
392
256
123
chair
0.9570198
168
91
397
245
124
chair
0.968648
176
64
387
256
125
laptop
0.50934845
309
2
397
107
125
chair
0.9845543
174
57
387
251
125
person
0.4190584
57
0
321
28
126
chair
0.97661877
177
51
381
238
127
chair
0.97426176
176
43
387
233
128
chair
0.97474986
177
31
390
224
129
chair
0.9845407
181
13
386
210
130
chair
0.980648
178
8
388
201
131
chair
0.9509073
177
4
387
196
132
chair
0.9428534
180
2
389
183
133
diningtable
0.4904782
297
4
384
154
134
diningtable
0.50153595
301
2
383
144
135
diningtable
0.55259025
305
2
401
134
144
sports ball
0.3663935
163
405
181
417
147
sports ball
0.31272796
162
399
180
414
206
vase
0.34431297
276
408
339
461
207
vase
0.4234878
277
408
340
462
208
vase
0.43555045
278
407
341
462
209
diningtable
0.32016495
226
294
401
550
210
vase
0.40930814
272
403
352
467
210
diningtable
0.4778137
230
293
400
552
211
vase
0.37009725
271
401
355
468
211
laptop
0.32322857
310
2
397
102
211
diningtable
0.58964825
228
295
400
552
212
vase
0.36481142
274
410
354
471
212
diningtable
0.6142012
228
287
400
558
213
vase
0.36859572
284
408
360
469
213
diningtable
0.5526059
231
283
398
561
214
vase
0.7284374
284
409
361
470
214
diningtable
0.49527952
229
287
401
563
215
vase
0.76817197
284
409
362
470
215
diningtable
0.5560025
230
286
401
565
216
vase
0.7038574
286
409
364
472
216
laptop
0.3206445
310
2
398
102
216
diningtable
0.42147464
228
285
404
564
217
vase
0.5863344
286
408
368
473
217
diningtable
0.5639596
228
280
406
571
218
vase
0.6270045
284
409
373
474
218
laptop
0.40280664
309
3
398
103
218
diningtable
0.46716264
227
294
406
571
218
cup
0.4082524
284
409
373
474
219
vase
0.8057944
287
408
376
475
219
laptop
0.3707464
308
2
399
104
219
diningtable
0.5388684
226
291
406
575
220
vase
0.49786654
288
403
378
479
220
diningtable
0.42263582
226
301
406
580
221
vase
0.7521828
289
403
379
479
221
laptop
0.30408517
308
2
399
103
221
diningtable
0.35922527
228
298
406
577
222
vase
0.7452114
289
405
382
479
222
laptop
0.4428976
307
3
399
102
223
vase
0.6571933
291
405
385
479
223
laptop
0.5685262
307
3
399
102
224
vase
0.5467478
292
408
386
479
225
vase
0.4090831
293
410
389
479
226
vase
0.36930117
295
411
391
479
228
vase
0.3365091
297
412
392
482
228
pottedplant
0.53936607
101
314
406
558
229
pottedplant
0.6050405
105
310
406
563
230
bed
0.38121408
230
260
406
627
230
pottedplant
0.57315415
105
307
406
564
231
vase
0.3681191
312
405
397
487
231
pottedplant
0.55278856
109
306
406
569
232
vase
0.37778726
314
407
397
488
232
pottedplant
0.6187369
108
310
404
569
233
pottedplant
0.49675983
113
311
402
569
234
vase
0.69343644
313
416
400
488
234
pottedplant
0.6414236
115
308
400
570
235
vase
0.8470982
314
420
402
490
235
diningtable
0.43092307
230
233
406
647
235
pottedplant
0.5790261
116
303
406
570
236
vase
0.81834894
315
421
400
490
236
diningtable
0.40439406
226
255
406
622
236
pottedplant
0.5395762
126
299
403
572
237
vase
0.40373564
314
420
400
490
237
pottedplant
0.5070254
120
300
404
565
238
vase
0.44348776
317
415
401
498
239
vase
0.41670015
316
418
400
499
240
vase
0.6675248
313
414
401
502
241
vase
0.8258824
315
414
403
504
241
laptop
0.35493693
305
1
402
104
242
vase
0.7180938
315
415
401
506
243
vase
0.84478116
313
418
401
507
244
vase
0.8750175
315
419
401
510
244
diningtable
0.3068826
212
318
398
654
245
vase
0.8882788
315
418
400
511
246
vase
0.9176361
315
423
401
514
246
diningtable
0.38608846
221
369
402
710
247
vase
0.933339
315
426
401
518
248
vase
0.9338396
318
431
402
523
248
diningtable
0.43923524
220
362
404
720
249
vase
0.938793
316
435
402
528
249
diningtable
0.7755898
223
349
404
733
249
chair
0.34453213
31
570
247
753
250
vase
0.9383422
318
439
402
534
250
diningtable
0.708009
218
343
405
742
251
vase
0.9488267
319
445
401
539
251
diningtable
0.8862651
213
333
406
754
252
vase
0.95279723
319
451
399
544
252
diningtable
0.78358227
215
336
403
756
252
pottedplant
0.30533445
163
337
392
757
253
vase
0.92870444
320
460
403
552
253
diningtable
0.6811157
200
334
394
758
253
pottedplant
0.66158766
161
352
393
742
254
vase
0.89321214
319
465
405
564
254
diningtable
0.7491178
202
316
394
758
254
pottedplant
0.61060196
156
345
393
738
255
vase
0.8736393
322
473
405
571
255
diningtable
0.64376986
201
340
395
758
255
pottedplant
0.6651513
157
365
390
739
256
vase
0.9613298
322
479
402
576
256
diningtable
0.8260628
212
361
398
749
256
pottedplant
0.672855
157
371
390
733
256
sofa
0.3181736
195
381
361
502
257
vase
0.86931044
324
485
406
589
257
diningtable
0.5343331
207
388
401
731
257
pottedplant
0.60263723
151
380
394
731
258
vase
0.9054247
327
498
406
599
258
diningtable
0.6399443
214
434
398
754
258
pottedplant
0.82739824
204
405
399
727
259
vase
0.96805227
328
508
402
604
259
diningtable
0.7561106
211
449
398
737
259
pottedplant
0.76463455
184
449
384
698
259
sofa
0.33316794
188
412
363
529
260
vase
0.95136416
330
514
405
620
260
pottedplant
0.821802
208
469
396
725
261
vase
0.96163666
334
524
406
631
261
pottedplant
0.88026994
205
495
395
727
262
vase
0.97662693
335
536
404
643
262
pottedplant
0.8786605
207
502
397
732
263
vase
0.95638657
339
546
405
658
263
pottedplant
0.94030946
206
519
400
730
264
vase
0.92224246
333
566
405
670
264
pottedplant
0.88696617
207
555
395
748
265
pottedplant
0.74012226
202
602
400
756
266
pottedplant
0.51457834
200
650
399
757
271
laptop
0.3993481
306
0
402
104
272
laptop
0.44073212
307
1
401
103
273
laptop
0.46267244
306
1
401
104
276
laptop
0.47307444
305
0
402
107
277
laptop
0.4602027
305
0
402
107
278
laptop
0.6702494
307
2
401
103
280
laptop
0.40008035
308
2
402
103
282
laptop
0.63228714
307
1
402
101
287
laptop
0.6701698
307
2
403
102
288
laptop
0.57585806
306
2
401
102
288
bench
0.3319616
47
0
109
758
289
laptop
0.3788808
307
1
403
103
290
laptop
0.6818014
307
2
402
102
291
laptop
0.50930345
306
1
404
102
292
laptop
0.5752685
305
3
402
102
293
laptop
0.75856566
308
4
402
100
294
laptop
0.61271477
311
5
401
100
301
laptop
0.82331955
282
2
396
137
302
laptop
0.473505
306
2
400
103
306
laptop
0.547606
307
1
400
102
311
person
0.77645016
19
40
388
731
312
sofa
0.96984005
162
617
390
758
313
sofa
0.9682817
162
619
390
758
313
frisbee
0.31225526
0
387
24
533
314
sofa
0.9645982
164
624
386
758
315
sofa
0.951835
165
623
385
758
315
frisbee
0.4811658
0
392
22
535
316
diningtable
0.35121506
191
359
324
633
316
sofa
0.95972687
163
617
388
756
317
diningtable
0.37535685
188
364
337
633
317
sofa
0.95924664
161
621
390
758
317
frisbee
0.55299616
0
394
22
549
318
sofa
0.962407
162
622
390
758
319
diningtable
0.35996237
185
360
317
648
319
sofa
0.9351548
165
625
386
758
320
sofa
0.93893087
166
626
389
758
321
sofa
0.9266308
165
628
385
758
322
sofa
0.93566525
166
627
385
758
323
sofa
0.9255039
174
631
375
758
324
sofa
0.86900455
173
632
373
758
325
sofa
0.88219213
170
649
375
757
326
sofa
0.86592233
166
649
380
757
327
sofa
0.8719393
167
652
378
756
328
sofa
0.86930525
167
654
376
756
329
diningtable
0.3207155
188
379
352
697
329
sofa
0.8069466
170
654
373
757
329
chair
0.3208562
164
654
347
757
330
diningtable
0.3427773
188
379
357
701
330
sofa
0.84240913
167
656
376
756
331
diningtable
0.4222602
187
379
353
705
331
sofa
0.8492841
165
659
379
756
332
diningtable
0.37516093
187
382
340
708
332
sofa
0.8407815
163
663
379
756
333
diningtable
0.35309336
187
380
338
719
333
sofa
0.8015473
164
667
375
755
334
diningtable
0.51734936
188
382
343
721
334
sofa
0.83101225
163
668
377
755
335
diningtable
0.5179876
189
384
346
723
335
sofa
0.8145351
163
663
379
754
336
diningtable
0.4870479
189
384
344
721
336
sofa
0.81423855
159
625
382
758
337
diningtable
0.48356184
188
390
355
717
337
pottedplant
0.38928282
159
623
352
758
337
sofa
0.80933076
161
668
379
754
338
diningtable
0.4354443
189
390
357
720
338
pottedplant
0.38888356
157
623
354
758
338
sofa
0.80266535
162
672
380
754
339
diningtable
0.507592
183
374
389
741
339
pottedplant
0.48286006
157
625
353
757
339
sofa
0.7544865
163
670
381
754
340
diningtable
0.45602077
183
381
389
738
340
pottedplant
0.3456397
158
629
352
754
340
sofa
0.81811184
164
669
383
753
341
diningtable
0.44184312
187
396
344
726
341
pottedplant
0.35506684
160
630
350
754
341
sofa
0.79535705
165
670
380
753
342
diningtable
0.5235827
188
398
335
721
342
pottedplant
0.5061305
158
629
351
757
342
sofa
0.74012476
169
632
375
757
343
diningtable
0.5387357
187
398
338
724
343
pottedplant
0.3068958
159
630
349
756
343
sofa
0.6495061
165
667
383
756
344
laptop
0.36749405
308
0
401
104
344
diningtable
0.5283737
186
396
334
726
344
sofa
0.5661446
162
670
386
757
345
diningtable
0.49944273
186
396
329
729
345
pottedplant
0.33231574
158
633
348
753
345
sofa
0.61920774
157
668
389
756
346
diningtable
0.45898068
185
398
331
731
346
sofa
0.58939236
161
663
388
756
347
laptop
0.3504566
308
0
402
105
347
diningtable
0.5231253
185
401
340
730
347
sofa
0.5187483
163
664
387
757
348
laptop
0.4169506
308
0
402
105
348
diningtable
0.4872767
185
400
336
734
348
sofa
0.52996755
163
664
387
757
349
laptop
0.33234447
308
0
402
106
349
diningtable
0.48274487
185
398
337
737
349
sofa
0.50871927
161
661
389
757
350
laptop
0.3599617
308
0
402
105
350
diningtable
0.4210684
185
398
338
739
350
sofa
0.5093072
158
661
392
757
351
laptop
0.34893408
309
0
402
107
351
diningtable
0.45753798
186
400
341
739
351
sofa
0.4758498
157
660
391
757
352
laptop
0.48981965
308
0
402
108
352
diningtable
0.45929196
186
402
340
738
352
sofa
0.44305503
156
658
394
757
353
laptop
0.45990688
309
0
402
107
353
diningtable
0.4800568
186
406
340
736
353
sofa
0.4301636
157
656
393
758
354
laptop
0.46030316
308
0
402
108
354
diningtable
0.43657228
186
406
337
736
354
sofa
0.38912413
158
656
393
758
355
laptop
0.4027055
308
0
402
109
355
diningtable
0.39962384
191
383
401
758
356
diningtable
0.37826076
187
410
339
734
356
sofa
0.35188094
159
655
392
758
357
diningtable
0.39128882
188
411
336
731
357
sofa
0.31579626
211
661
401
757
358
diningtable
0.39583802
187
413
335
730
359
diningtable
0.31876585
188
413
337
731
360
diningtable
0.3437882
185
411
335
734
361
diningtable
0.47252893
191
386
401
758
361
pottedplant
0.41335154
166
640
276
749
362
diningtable
0.4159515
192
388
400
758
362
pottedplant
0.4092698
166
640
277
749
363
diningtable
0.4198029
188
407
405
758
363
pottedplant
0.40799114
166
640
277
749
364
diningtable
0.4540727
188
408
405
758
364
pottedplant
0.41160932
166
640
278
749
365
diningtable
0.41482547
187
407
405
758
365
pottedplant
0.4424112
166
641
279
749
366
diningtable
0.39615726
187
408
406
758
366
pottedplant
0.44724417
166
640
279
749
367
diningtable
0.39675763
189
391
404
758
367
pottedplant
0.4825627
166
641
280
749
368
diningtable
0.38364494
186
409
406
758
368
pottedplant
0.50943315
166
641
280
749
369
diningtable
0.42012456
188
409
406
758
369
pottedplant
0.47862044
166
641
280
749
370
diningtable
0.40619072
187
408
406
758
370
pottedplant
0.48345613
166
641
280
749
371
diningtable
0.44014132
189
390
404
758
371
pottedplant
0.45237327
166
641
279
749
372
diningtable
0.4163751
187
391
405
758
372
pottedplant
0.43596432
166
640
279
749
373
diningtable
0.3837598
188
390
404
758
373
pottedplant
0.44600582
166
640
279
749
374
diningtable
0.3620062
189
389
403
758
374
pottedplant
0.4183651
165
641
279
749
375
diningtable
0.35651657
189
389
404
758
375
pottedplant
0.41083783
165
641
279
749
376
diningtable
0.40060988
188
404
405
758
376
pottedplant
0.3518259
164
641
279
749
377
diningtable
0.42519793
188
390
404
758
377
pottedplant
0.36997384
164
641
279
749
378
diningtable
0.4157863
189
393
404
758
378
pottedplant
0.41328433
164
641
280
749
379
diningtable
0.48831916
189
392
405
758
379
pottedplant
0.4110898
164
640
279
749
380
diningtable
0.3981651
187
392
406
758
380
pottedplant
0.41520947
164
640
280
749
381
diningtable
0.36270875
187
391
406
758
381
pottedplant
0.33441147
164
641
279
748
382
diningtable
0.35117707
187
391
406
758
382
pottedplant
0.31131333
164
641
279
748
388
diningtable
0.31390944
185
404
406
758
389
diningtable
0.3384333
185
404
406
758
390
diningtable
0.36393577
186
405
406
758
391
diningtable
0.38208362
186
396
406
758
392
diningtable
0.36156502
186
406
406
758
395
diningtable
0.30117422
184
408
406
758
396
diningtable
0.30684373
184
407
406
758
397
diningtable
0.33756995
184
406
406
758
398
diningtable
0.34277245
186
406
406
758
398
pottedplant
0.30944654
165
640
279
748
399
pottedplant
0.39474934
164
641
279
749
400
pottedplant
0.36135206
163
641
279
749
401
diningtable
0.3144741
187
406
406
758
401
pottedplant
0.30187702
164
641
279
748
402
pottedplant
0.32325044
165
642
278
748
404
pottedplant
0.3066915
166
642
276
748
405
diningtable
0.3751059
187
408
406
758
406
diningtable
0.6305766
188
412
405
758
407
diningtable
0.58862585
188
410
404
758
408
tvmonitor
0.39498937
161
189
299
296
408
diningtable
0.47132263
188
410
405
758
409
diningtable
0.34524757
190
413
404
758
410
pottedplant
0.3563291
161
657
324
758
410
bench
0.3145941
188
414
406
758
411
diningtable
0.39945906
186
417
406
758
411
bench
0.31876794
186
417
406
758
412
diningtable
0.41375056
183
419
406
758
413
diningtable
0.3437775
186
438
357
745
413
pottedplant
0.31070736
159
661
321
754
414
diningtable
0.43786797
186
435
349
747
414
pottedplant
0.39570093
161
661
320
755
415
diningtable
0.48976144
186
436
351
744
415
pottedplant
0.5474792
161
661
320
757
416
laptop
0.37941414
305
0
402
108
416
diningtable
0.4205543
186
437
348
747
416
pottedplant
0.46933815
160
663
325
758
417
laptop
0.3947068
305
1
402
104
417
diningtable
0.37559703
185
439
351
745
417
pottedplant
0.3828845
156
664
329
758
418
diningtable
0.3688968
186
441
346
746
419
laptop
0.72418654
305
1
403
103
419
tvmonitor
0.5935855
167
168
310
279
419
diningtable
0.32093433
185
441
349
747
419
pottedplant
0.38139638
151
665
342
758
420
tvmonitor
0.5667158
169
166
311
279
420
diningtable
0.36101648
185
440
357
746
420
pottedplant
0.47443178
152
665
340
758
421
tvmonitor
0.7370812
169
166
314
282
421
pottedplant
0.49509636
152
668
341
758
422
tvmonitor
0.58106935
170
164
317
281
422
diningtable
0.31651983
186
436
353
749
422
pottedplant
0.5100253
155
666
339
758
423
tvmonitor
0.64611185
172
159
316
279
423
diningtable
0.34828264
188
433
359
752
423
pottedplant
0.4208217
158
665
338
758
424
tvmonitor
0.869379
176
151
319
275
424
diningtable
0.32682928
189
434
364
749
424
pottedplant
0.3774207
159
664
338
758
425
tvmonitor
0.71023244
175
148
322
275
426
tvmonitor
0.6722869
176
146
322
274
427
tvmonitor
0.750823
178
143
324
274
427
pottedplant
0.35528603
165
680
282
756
428
tvmonitor
0.781827
177
143
328
273
428
diningtable
0.32235286
192
439
361
751
428
pottedplant
0.40560007
166
681
281
757
429
tvmonitor
0.76576704
178
133
333
266
429
diningtable
0.30996522
194
437
354
748
429
pottedplant
0.40464115
164
684
283
758
430
tvmonitor
0.94422
178
133
335
264
430
pottedplant
0.4113619
163
686
281
757
431
tvmonitor
0.78718925
176
128
338
262
432
tvmonitor
0.6154152
174
126
340
259
432
pottedplant
0.370905
164
687
283
757
433
tvmonitor
0.7854295
174
113
347
256
434
tvmonitor
0.85948205
178
111
346
254
435
tvmonitor
0.8770338
176
107
349
255
436
tvmonitor
0.79389864
176
105
351
255
437
tvmonitor
0.60919625
177
102
355
259
438
tvmonitor
0.8919654
180
91
356
247
439
tvmonitor
0.94950265
181
95
354
243
440
tvmonitor
0.8576089
180
92
356
243
441
tvmonitor
0.890254
181
91
356
242
442
tvmonitor
0.90780735
180
88
359
241
443
tvmonitor
0.9731219
181
87
360
240
444
tvmonitor
0.89118814
181
85
358
238
445
tvmonitor
0.3423489
176
70
357
235
446
tvmonitor
0.59451616
178
70
358
233
450
chair
0.46973532
112
388
405
741
451
chair
0.76541233
103
385
405
742
452
laptop
0.57407606
306
2
401
102
452
tvmonitor
0.31870228
174
57
366
232
453
laptop
0.59750795
306
2
401
102
453
tvmonitor
0.332411
174
57
366
232
454
laptop
0.7294314
306
2
401
102
454
tvmonitor
0.8349089
174
52
372
230
455
laptop
0.72423166
306
2
402
101
455
tvmonitor
0.86269885
174
48
376
231
456
laptop
0.7717451
306
2
401
101
456
tvmonitor
0.89292896
173
47
377
228
457
laptop
0.4796123
307
2
401
101
457
tvmonitor
0.7797047
174
43
377
230
457
chair
0.3439825
131
370
401
751
458
laptop
0.58025736
307
2
400
101
458
tvmonitor
0.72639066
174
42
378
232
459
laptop
0.73679847
307
2
401
101
459
tvmonitor
0.38811037
173
46
375
230
459
chair
0.3024452
132
373
403
752
460
laptop
0.6649625
305
2
401
102
460
tvmonitor
0.491379
174
45
375
231
461
laptop
0.6982144
306
2
401
102
461
tvmonitor
0.5397771
175
42
376
231
462
laptop
0.5254179
306
2
401
102
463
laptop
0.557777
306
3
400
102
464
laptop
0.512935
307
3
400
102
465
laptop
0.45808718
307
3
399
101
465
tvmonitor
0.43456542
176
39
378
233
466
laptop
0.5076943
307
3
399
101
466
tvmonitor
0.4208963
175
37
378
233
467
laptop
0.5924587
307
3
399
101
467
tvmonitor
0.3098277
177
37
377
232
468
laptop
0.5969039
308
3
399
101
468
tvmonitor
0.5415437
176
35
378
232
469
laptop
0.512885
307
3
399
101
469
tvmonitor
0.34466112
176
33
376
234
470
laptop
0.5445281
308
4
398
100
470
tvmonitor
0.33341286
176
34
379
234
471
laptop
0.4765715
309
4
398
100
471
tvmonitor
0.34421512
175
34
380
236
472
laptop
0.4991957
309
4
398
100
472
tvmonitor
0.31595176
174
32
382
234
473
laptop
0.39469686
309
4
397
100
473
tvmonitor
0.47740147
174
31
383
233
474
laptop
0.556594
309
4
397
101
474
tvmonitor
0.42825752
174
30
383
233
475
laptop
0.548525
309
4
396
101
475
tvmonitor
0.30734646
173
27
382
233
476
laptop
0.5226059
309
4
395
102
476
diningtable
0.32263875
212
429
393
753
477
laptop
0.37511393
309
4
396
103
477
diningtable
0.37293607
213
432
394
752
478
diningtable
0.42672732
214
433
395
750
479
diningtable
0.32293084
213
431
395
756
479
chair
0.31783524
114
367
406
748
480
laptop
0.4155856
308
3
398
103
480
diningtable
0.45560646
215
432
396
754
481
diningtable
0.33691555
215
429
396
755
487
laptop
0.4501662
310
3
398
103
488
laptop
0.5530391
309
2
400
103
489
laptop
0.70075196
309
2
402
104
490
laptop
0.3214645
312
3
402
103
492
laptop
0.57206386
307
3
403
102
493
laptop
0.7725445
307
3
403
103
494
laptop
0.8745743
307
3
403
102
495
laptop
0.920917
306
3
402
103
495
tvmonitor
0.34299505
176
4
387
199
496
laptop
0.88219565
307
3
402
103
497
laptop
0.93054587
306
3
402
103
498
laptop
0.94085354
305
3
402
103
499
laptop
0.98472244
304
1
402
103
500
laptop
0.97911346
304
2
404
101
501
laptop
0.92666876
304
4
405
100
502
laptop
0.95536846
307
1
404
102
503
laptop
0.9218904
307
1
403
103
504
laptop
0.9006044
307
1
402
102
505
laptop
0.86203504
307
2
402
101
506
laptop
0.5865041
308
2
401
102
508
laptop
0.39191356
308
0
402
104
509
laptop
0.69959277
306
0
402
109
510
laptop
0.7214452
305
0
403
105
511
laptop
0.56925905
306
1
404
101
512
laptop
0.5159063
306
1
403
101
513
laptop
0.72153515
307
2
403
101
514
laptop
0.629012
308
2
403
103
515
laptop
0.4808086
309
1
402
103
516
laptop
0.61337024
306
2
403
103
518
laptop
0.33949697
309
1
401
100
522
laptop
0.70601565
259
394
406
745
524
laptop
0.8530203
267
403
405
735
526
laptop
0.42712194
272
399
402
734
527
laptop
0.32359695
309
1
403
97
528
laptop
0.37054554
276
395
399
741
528
tvmonitor
0.4213083
276
395
399
741
529
laptop
0.32868624
283
388
399
744
530
laptop
0.32674837
309
0
404
98
530
laptop
0.33929133
287
380
397
748
531
laptop
0.31929195
305
380
404
741
537
laptop
0.41893628
311
0
400
106
538
laptop
0.7227569
309
1
403
102
539
laptop
0.8867609
308
0
403
100
540
laptop
0.898211
307
1
404
100
541
laptop
0.9159896
307
0
404
101
542
laptop
0.9235387
305
1
404
102
543
laptop
0.94510496
306
1
404
103
544
laptop
0.84191996
308
1
402
103
545
laptop
0.9231742
305
0
403
103
546
laptop
0.9093028
303
1
404
102
547
laptop
0.7133335
309
0
402
102
570
laptop
0.47519636
306
0
402
102
570
bird
0.43959102
110
576
331
754
573
laptop
0.36230785
306
1
402
102
574
vase
0.47433096
320
543
397
642
574
pottedplant
0.3693303
100
517
398
753
575
vase
0.33311558
329
540
402
598
575
cup
0.55001575
329
540
402
598
576
laptop
0.44737017
305
0
404
103
576
cup
0.605606
334
530
404
585
577
laptop
0.52074856
304
0
402
101
578
laptop
0.7677489
302
0
403
108
578
bird
0.39671203
92
575
348
755
579
laptop
0.56931716
305
0
403
105
579
pottedplant
0.35905087
183
464
375
630
580
laptop
0.3106372
307
0
402
104
580
pottedplant
0.79567546
188
455
376
626
581
vase
0.3677474
325
475
360
555
581
vase
0.6968099
326
468
399
563
581
laptop
0.44468147
306
0
403
104
581
pottedplant
0.3830143
184
448
373
620
582
vase
0.65610456
326
461
358
538
582
laptop
0.35988915
307
0
403
103
582
pottedplant
0.83136314
187
430
377
597
583
vase
0.75010306
324
450
355
524
583
pottedplant
0.8052069
190
415
372
583
584
vase
0.70391554
326
437
351
513
584
laptop
0.34011254
306
0
404
104
584
pottedplant
0.7663692
185
411
363
575
585
vase
0.64539456
316
424
347
503
585
pottedplant
0.93200874
185
399
355
563
586
vase
0.5100134
316
410
342
487
586
laptop
0.35545245
306
0
404
104
586
pottedplant
0.8278534
184
390
351
556
587
vase
0.43238032
284
429
337
463
587
vase
0.5632584
316
406
342
477
587
pottedplant
0.73719215
187
371
354
534
588
vase
0.3951647
315
393
338
464
588
vase
0.47885126
282
416
335
450
588
pottedplant
0.7894996
181
363
351
520
589
vase
0.56120807
282
404
333
438
589
pottedplant
0.74339885
180
355
341
505
590
vase
0.30578098
282
394
324
426
590
pottedplant
0.732019
179
345
341
501
591
vase
0.6221501
281
383
323
413
591
pottedplant
0.46027988
183
336
327
504
592
pottedplant
0.35330537
178
323
339
476
597
scissors
0.5350165
28
601
383
758
599
scissors
0.45480064
34
596
401
753
600
scissors
0.33796656
193
254
290
374
600
laptop
0.33166027
304
0
404
104
601
toothbrush
0.36985442
190
276
294
343
601
scissors
0.6160005
187
265
294
364
601
diningtable
0.300298
314
285
402
711
601
person
0.90910345
217
119
406
327
602
toothbrush
0.51270527
190
264
288
361
602
scissors
0.75825256
190
264
288
361
602
laptop
0.4991116
304
0
404
103
602
diningtable
0.3881637
313
303
400
698
603
toothbrush
0.55748266
188
249
288
351
603
scissors
0.35822192
188
249
288
351
603
laptop
0.46925837
304
0
403
99
603
diningtable
0.39752176
314
297
401
708
603
sofa
0.54756325
222
101
402
297
605
laptop
0.8601495
305
0
405
99
605
diningtable
0.40983924
309
268
403
737
605
sofa
0.53390485
225
56
402
251
606
sofa
0.7415568
226
43
399
248
607
diningtable
0.43972152
278
250
403
758
607
sofa
0.4243298
226
26
399
241
608
vase
0.3800749
294
232
378
278
608
diningtable
0.51268184
273
235
404
756
609
vase
0.67098206
292
226
375
270
609
sofa
0.5198947
220
4
395
198
610
vase
0.61649245
293
223
370
265
610
laptop
0.5928593
300
0
405
105
610
sofa
0.5840222
219
5
393
192
611
vase
0.42990246
292
212
377
259
611
laptop
0.8021004
300
1
406
103
611
sofa
0.40518668
227
6
390
186
612
vase
0.54664344
291
201
372
250
612
laptop
0.78763163
302
1
405
99
612
diningtable
0.5570765
276
147
406
758
612
pottedplant
0.40975827
187
164
370
274
613
vase
0.56976956
291
189
371
244
613
laptop
0.86673063
300
3
404
98
613
diningtable
0.49123088
276
117
406
758
613
pottedplant
0.48364806
186
152
369
270
614
vase
0.6408919
292
184
373
239
614
laptop
0.88698596
303
1
403
96
614
diningtable
0.4586107
273
145
406
758
614
pottedplant
0.3084856
186
138
368
260
615
vase
0.5073842
288
181
374
234
615
laptop
0.47715744
301
0
405
97
615
diningtable
0.36603332
273
102
406
758
615
pottedplant
0.32443404
186
135
366
254
616
vase
0.37754807
288
171
368
228
616
laptop
0.91817033
302
2
403
96
616
diningtable
0.46035045
274
106
406
758
616
pottedplant
0.62998664
185
131
365
250
617
vase
0.6906809
287
163
369
222
617
laptop
0.60169977
303
2
403
94
617
diningtable
0.53861916
273
104
406
758
617
pottedplant
0.6500947
184
125
368
244
618
vase
0.6872467
288
163
367
219
618
laptop
0.41838783
307
1
401
95
618
diningtable
0.47777158
268
108
406
758
618
pottedplant
0.45494142
184
123
365
240
619
vase
0.7936771
290
160
365
215
619
laptop
0.4209425
309
0
402
98
619
diningtable
0.5134299
272
87
406
758
620
vase
0.8307405
289
151
364
210
620
laptop
0.47823665
310
0
401
94
620
diningtable
0.53396106
275
73
406
758
621
vase
0.8261248
288
146
362
208
621
diningtable
0.7976299
273
47
406
758
622
vase
0.7724331
286
141
364
203
622
diningtable
0.6431523
276
70
406
758
622
pottedplant
0.6293364
184
106
362
225
623
vase
0.73703986
288
137
365
200
623
diningtable
0.4716427
276
58
406
758
623
pottedplant
0.50801283
183
104
363
221
624
vase
0.75136024
286
134
366
194
624
diningtable
0.41643313
273
0
406
758
624
pottedplant
0.5595504
182
102
368
216
625
vase
0.6265678
287
130
366
192
625
diningtable
0.6487852
272
81
406
758
625
pottedplant
0.53567725
183
99
366
213
626
vase
0.62278205
288
128
366
189
626
diningtable
0.76932734
273
93
406
758
626
pottedplant
0.65222055
181
98
364
211
627
vase
0.72565246
289
122
366
185
627
diningtable
0.7109021
277
8
406
758
627
pottedplant
0.45951375
180
95
367
209
628
vase
0.74939716
289
119
366
182
628
diningtable
0.79213864
275
86
406
758
629
vase
0.57494205
289
116
364
182
629
diningtable
0.79444575
274
78
406
758
629
pottedplant
0.50148433
182
81
362
199
630
diningtable
0.65991354
279
0
406
758
630
pottedplant
0.62416786
184
80
360
197
631
vase
0.31256387
285
107
366
175
631
diningtable
0.47142956
279
7
406
758
631
pottedplant
0.6956288
183
77
360
194
632
vase
0.42335796
287
105
367
172
632
diningtable
0.63615197
279
0
406
758
632
pottedplant
0.75651133
183
76
361
192
633
vase
0.6774503
287
104
367
170
633
diningtable
0.58338124
281
15
406
758
633
pottedplant
0.6572493
182
75
361
189
634
vase
0.83157605
290
100
371
167
634
diningtable
0.65286946
279
4
406
758
634
pottedplant
0.3136517
180
72
368
186
634
sofa
0.45272413
201
0
306
44
635
vase
0.8314175
288
98
371
164
635
laptop
0.41235375
312
0
401
103
635
diningtable
0.8115218
278
1
406
758
635
pottedplant
0.33920074
181
70
370
183
635
sofa
0.40445134
200
0
305
42
636
vase
0.7679851
287
95
372
161
636
laptop
0.5766206
313
0
402
99
636
diningtable
0.6622177
277
26
406
758
636
pottedplant
0.30905667
181
69
370
181
636
sofa
0.4114
200
0
305
41
637
vase
0.7783118
288
92
375
158
637
diningtable
0.5624953
277
21
406
758
637
sofa
0.426357
194
0
308
38
638
vase
0.7486899
287
93
371
155
638
diningtable
0.5066906
274
20
406
758
638
sofa
0.30683273
191
0
308
34
639
vase
0.64889
289
90
370
153
639
laptop
0.52676916
311
0
403
98
639
diningtable
0.46248952
275
44
406
740
639
sofa
0.3356214
184
683
375
758
640
vase
0.52071595
289
90
371
153
640
laptop
0.7238028
311
0
403
99
640
diningtable
0.6034025
279
29
406
753
640
bed
0.31188095
279
29
406
753
641
vase
0.39313495
290
87
370
152
641
laptop
0.84036976
311
0
403
98
641
diningtable
0.5461609
280
38
406
745
641
bed
0.47335303
280
38
406
745
642
vase
0.30317888
200
0
307
19
642
laptop
0.9059793
312
0
402
98
642
diningtable
0.44233763
277
35
406
750
642
bed
0.39385733
277
35
406
750
643
laptop
0.90215874
312
0
401
96
643
diningtable
0.44511846
275
37
406
742
643
bed
0.31866813
275
37
406
742
644
laptop
0.9638921
310
0
402
98
644
diningtable
0.30985168
275
38
406
742
644
pottedplant
0.31469983
182
41
365
158
645
laptop
0.9642637
310
0
401
98
645
diningtable
0.49766356
272
31
406
748
645
pottedplant
0.3184214
183
41
364
156
646
vase
0.33165172
288
55
367
139
646
laptop
0.93849903
310
0
402
97
646
diningtable
0.48056838
270
26
406
751
647
laptop
0.8678428
310
0
402
98
647
diningtable
0.44171736
273
32
406
746
648
laptop
0.79738086
311
1
402
98
648
diningtable
0.6823663
270
35
406
742
649
laptop
0.73695093
311
0
403
98
649
diningtable
0.7299282
270
40
406
739
649
pottedplant
0.33048588
185
14
343
167
650
vase
0.4618086
289
23
375
122
650
laptop
0.48874503
312
0
403
102
650
diningtable
0.80816245
269
26
406
751
651
vase
0.56991243
289
21
378
119
651
laptop
0.47567236
311
0
402
105
651
diningtable
0.7981659
269
23
406
756
652
vase
0.59371173
290
20
382
115
652
laptop
0.3558018
310
0
402
106
652
diningtable
0.9116006
266
19
406
756
653
vase
0.46167502
291
15
388
114
653
laptop
0.40884537
308
0
402
104
653
diningtable
0.83358747
265
21
406
751
654
vase
0.40033072
293
15
389
112
654
diningtable
0.7878557
266
21
406
755
655
vase
0.46165136
304
1
403
103
655
diningtable
0.69853157
264
32
406
740
656
vase
0.65200686
301
1
405
102
656
diningtable
0.6205649
264
42
406
731
657
vase
0.73845184
300
1
406
99
657
diningtable
0.3272594
258
81
406
688
658
vase
0.7570561
297
1
406
100
659
vase
0.7385321
298
2
406
98
660
vase
0.5584112
300
2
406
97
661
vase
0.61321807
303
3
405
98
661
person
0.4086816
107
352
402
477
668
person
0.45069075
99
396
395
582
673
person
0.32428294
106
390
398
636
674
bed
0.5508736
255
72
406
758
674
person
0.40092358
102
396
396
631
675
bed
0.676394
254
74
406
758
675
person
0.39460042
101
397
395
630
676
bed
0.8073703
247
78
406
758
677
bed
0.8699454
119
83
406
758
678
bed
0.8859352
124
85
406
758
679
bed
0.95512706
122
89
406
758
680
bed
0.9744341
121
99
406
758
681
bed
0.94714946
122
86
406
758
682
bed
0.94388604
132
92
406
758
683
bed
0.9201298
136
95
406
758
684
bed
0.9568367
134
99
405
758
685
bed
0.9861568
134
90
406
758
686
bed
0.97720677
134
89
401
758
687
bed
0.98645556
126
96
400
758
688
bed
0.9743155
130
98
399
758
689
diningtable
0.53221166
198
75
399
758
689
bed
0.89657074
124
102
406
758
689
sofa
0.3678537
177
532
255
736
689
chair
0.7471804
181
563
256
748
690
diningtable
0.65193826
126
97
404
748
690
bed
0.65885943
126
97
404
748
690
sofa
0.41900453
181
537
254
732
690
chair
0.8353625
183
563
256
739
691
diningtable
0.65823984
127
104
404
738
691
bed
0.6386588
127
104
404
738
691
sofa
0.41096523
184
533
252
732
691
chair
0.6045665
185
553
255
737
692
diningtable
0.8960795
126
99
404
746
692
chair
0.8442947
183
546
253
718
693
diningtable
0.7691212
130
88
402
747
693
bed
0.37158728
134
65
400
737
693
chair
0.7432149
181
542
255
710
694
diningtable
0.8659584
114
98
406
734
694
bed
0.57456774
122
75
404
729
694
chair
0.8297581
182
534
254
705
695
diningtable
0.8551639
121
99
403
734
695
bed
0.41178608
126
70
401
733
695
chair
0.42921165
183
523
252
689
696
diningtable
0.89989984
119
92
404
748
696
bed
0.5458115
121
73
403
730
696
chair
0.5449804
182
518
254
684
697
diningtable
0.8026708
135
94
402
740
697
chair
0.685505
183
514
253
678
698
diningtable
0.6834334
210
82
391
717
698
bed
0.42986768
154
99
400
692
698
chair
0.525464
183
507
253
674
699
diningtable
0.66168493
209
82
391
715
699
chair
0.69770414
184
506
253
666
700
diningtable
0.74641156
210
79
392
716
700
chair
0.84794414
183
495
251
658
701
diningtable
0.7281129
210
75
390
719
701
chair
0.9212655
181
495
249
652
702
diningtable
0.6697252
211
76
392
711
702
sofa
0.3467792
182
489
249
645
702
chair
0.5598829
182
489
249
645
703
diningtable
0.70604837
209
73
393
709
703
sofa
0.35795718
180
483
248
640
703
chair
0.34353554
180
483
248
640
704
diningtable
0.644537
207
76
396
707
704
sofa
0.32627574
178
470
248
630
704
chair
0.47290555
182
479
249
637
705
diningtable
0.64638084
249
73
406
698
705
sofa
0.31235066
178
467
247
624
705
sofa
0.34038195
215
691
349
758
706
diningtable
0.7496
207
85
395
688
706
sofa
0.5573095
180
465
247
619
707
laptop
0.87084687
305
1
403
101
707
diningtable
0.85611516
252
67
406
697
708
laptop
0.95899254
304
1
402
101
708
diningtable
0.84861696
250
70
406
695
709
laptop
0.98011065
303
0
403
100
709
diningtable
0.8765882
209
61
398
697
709
sofa
0.31255755
201
663
354
758
710
laptop
0.9746295
304
0
403
100
710
diningtable
0.87189555
252
54
406
700
710
sofa
0.7644864
181
660
354
757
711
laptop
0.9232181
304
0
403
101
711
diningtable
0.8213213
255
50
406
705
711
sofa
0.7159332
167
655
342
755
712
laptop
0.975216
304
1
402
101
712
diningtable
0.66175604
253
57
406
697
712
sofa
0.6776396
173
648
339
756
713
laptop
0.9783626
306
2
400
101
713
diningtable
0.70093673
208
62
396
685
713
sofa
0.5996919
190
634
354
758
714
laptop
0.9863073
306
1
401
100
714
diningtable
0.7574696
207
65
398
685
714
sofa
0.4225037
189
632
352
758
715
laptop
0.98581415
305
3
401
100
715
diningtable
0.65714276
208
62
395
687
715
sofa
0.8003008
179
629
358
758
716
laptop
0.99108833
305
2
400
100
716
diningtable
0.5085043
254
75
406
690
716
sofa
0.74876326
176
621
362
758
717
laptop
0.977568
307
3
399
98
717
diningtable
0.46148095
258
78
406
691
717
sofa
0.31541094
183
437
246
571
718
laptop
0.9609283
305
1
400
99
718
sofa
0.58679473
181
596
341
758
718
person
0.5851439
71
335
377
454
719
laptop
0.96100825
305
1
400
98
719
sofa
0.3000294
159
242
383
630
719
sofa
0.5318942
181
591
336
756
719
person
0.89049816
88
335
394
452
720
laptop
0.97032994
306
1
401
99
720
sofa
0.34493214
158
271
384
720
720
sofa
0.70292425
177
578
325
757
720
person
0.9661163
89
335
397
448
721
laptop
0.7913425
308
2
401
100
721
sofa
0.6304529
186
583
322
755
721
chair
0.4999358
186
583
322
755
721
person
0.94185
80
335
402
448
722
laptop
0.61469257
308
1
401
101
722
sofa
0.69397664
162
264
382
743
722
person
0.9443181
80
335
404
444
723
laptop
0.6016622
308
1
402
101
723
sofa
0.7964325
163
269
382
738
723
person
0.9615091
82
334
404
444
724
laptop
0.6678166
308
1
401
100
724
sofa
0.7782626
161
261
381
748
724
person
0.92693555
81
333
401
442
725
laptop
0.64322865
307
1
402
101
725
sofa
0.44992915
187
255
344
610
725
sofa
0.5354127
178
562
313
733
725
chair
0.4577599
178
562
313
733
725
person
0.88966304
83
333
402
441
726
sofa
0.30281913
181
562
311
729
726
sofa
0.48042673
187
241
342
624
726
person
0.88557166
84
330
403
441
727
sofa
0.54990256
187
237
350
636
727
person
0.7148051
80
332
406
438
728
sofa
0.32575694
188
223
344
646
728
chair
0.40780294
181
414
243
537
728
person
0.63460463
73
334
406
435
729
sofa
0.3909518
172
540
312
708
729
chair
0.41135225
172
540
312
708
729
person
0.49868459
74
334
406
435
730
sofa
0.6126731
184
232
348
652
730
person
0.58703184
76
318
406
428
731
sofa
0.51342916
188
199
349
685
731
person
0.5956027
87
313
397
425
732
sofa
0.47569868
191
205
344
678
732
person
0.94334775
81
310
403
426
733
sofa
0.5916271
184
203
346
679
733
person
0.93846667
79
308
403
423
734
sofa
0.5983448
190
195
338
684
734
person
0.9674883
77
306
406
425
735
sofa
0.51919967
190
189
340
688
735
person
0.86178535
81
305
406
418
736
sofa
0.55716616
189
187
337
685
736
person
0.8671735
79
306
406
421
737
sofa
0.57575226
186
168
338
695
737
person
0.85990614
83
308
402
421
738
sofa
0.6917444
183
171
337
696
738
person
0.8592542
86
309
400
426
739
sofa
0.72491544
154
168
364
706
739
person
0.7516676
85
311
399
424
740
sofa
0.7214104
179
171
343
698
740
person
0.8226213
82
314
402
427
741
sofa
0.6558151
185
161
335
700
741
person
0.8840921
75
316
406
427
742
sofa
0.62525016
187
158
331
700
742
person
0.8530369
70
318
406
427
743
sofa
0.7082086
185
172
331
692
743
person
0.9613589
82
338
406
438
744
sofa
0.7472279
188
187
331
677
744
person
0.98402035
86
335
405
439
745
sofa
0.8421898
182
176
333
691
745
person
0.97832096
76
331
406
444
746
sofa
0.57712865
183
178
332
686
746
person
0.92469084
87
330
403
456
747
sofa
0.38625753
135
239
388
615
747
person
0.8293513
93
338
394
464
748
sofa
0.5761454
152
148
366
518
748
person
0.63511574
107
358
393
483
749
sofa
0.5062892
173
162
347
470
749
person
0.7952617
100
364
387
493
750
sofa
0.3539848
169
165
335
474
750
person
0.34564224
94
334
406
538
752
person
0.42392543
97
338
406
548
754
person
0.8084948
106
340
406
555
755
sofa
0.41265765
131
188
392
567
755
person
0.83395344
110
341
406
559
756
sofa
0.4281775
139
136
373
536
756
person
0.9262975
114
346
403
557
757
sofa
0.35019773
148
200
258
544
757
sofa
0.38001823
172
162
339
480
757
person
0.7436281
160
356
391
555
758
sofa
0.35846764
145
194
253
549
758
sofa
0.5748251
139
149
383
601
759
sofa
0.83430374
148
138
384
632
759
person
0.41281116
108
383
389
603
760
sofa
0.5265086
158
134
388
634
761
sofa
0.67538077
158
139
390
626
761
person
0.5815107
95
416
405
595
762
sofa
0.7424413
157
131
394
632
763
sofa
0.9074992
155
117
394
647
764
sofa
0.9223128
155
111
394
659
765
laptop
0.30700645
310
1
400
102
765
sofa
0.9484149
152
102
396
664
766
sofa
0.6943499
150
100
401
674
767
sofa
0.6530543
152
92
399
675
768
sofa
0.3406816
151
77
384
465
769
sofa
0.5800695
150
77
384
462
770
laptop
0.43320432
310
1
400
101
770
sofa
0.5047772
147
67
383
467
771
laptop
0.5390467
311
2
398
100
772
laptop
0.62126815
309
2
399
100
773
laptop
0.77480924
308
2
399
102
774
laptop
0.6810439
305
2
400
102
775
laptop
0.6009484
306
1
401
99
775
chair
0.5563562
159
725
294
757
776
laptop
0.4588458
307
1
401
100
776
chair
0.5443365
156
724
295
758
777
laptop
0.61653
306
2
401
101
777
chair
0.6237885
158
722
294
758
778
laptop
0.62558174
306
3
401
100
778
chair
0.6379627
161
720
291
758
779
laptop
0.37805054
307
2
400
100
779
chair
0.6219091
158
715
294
758
780
chair
0.7535067
163
719
318
758
781
chair
0.75941455
166
714
316
757
782
chair
0.65502435
165
712
315
756
783
sofa
0.37225905
135
0
401
533
783
chair
0.65954614
153
697
300
755
784
chair
0.7973248
155
694
296
756
785
diningtable
0.3050785
161
694
313
757
785
chair
0.7694958
155
693
296
756
786
chair
0.87763447
153
688
299
757
787
chair
0.8227036
156
685
297
756
788
diningtable
0.31362
163
687
311
757
788
sofa
0.6030834
146
0
397
547
788
chair
0.75822026
157
684
296
754
789
diningtable
0.31215328
159
671
314
755
789
sofa
0.4146929
142
0
400
546
789
chair
0.734233
155
681
297
750
790
chair
0.81245303
159
677
295
749
791
chair
0.8172316
154
665
302
757
792
chair
0.50645965
158
662
293
720
792
chair
0.6505645
155
681
298
749
793
laptop
0.36382112
312
2
397
99
793
sofa
0.3002208
138
0
397
539
793
chair
0.5959108
145
662
303
754
794
laptop
0.6199602
310
3
398
100
794
sofa
0.58511627
142
0
394
537
794
chair
0.6389118
137
663
307
756
795
laptop
0.46006724
311
3
399
99
795
sofa
0.31626445
140
0
397
543
795
chair
0.6686947
141
661
308
754
796
laptop
0.39533335
313
2
398
99
796
diningtable
0.31768057
161
646
308
743
796
sofa
0.39484262
140
0
397
542
796
chair
0.31329325
155
682
295
744
796
chair
0.6936112
156
653
294
719
796
frisbee
0.36063805
3
125
35
259
797
laptop
0.5515107
312
3
399
98
797
diningtable
0.35359666
161
643
308
744
797
chair
0.6017209
135
660
309
757
797
chair
0.6028095
155
651
294
718
798
laptop
0.5126681
312
3
398
98
798
diningtable
0.30363894
160
644
309
743
798
chair
0.6493594
148
644
304
739
799
laptop
0.40137088
314
4
397
99
799
chair
0.70377755
150
643
305
739
800
laptop
0.43192038
314
3
396
99
800
chair
0.7187588
150
641
304
739
801
laptop
0.56326604
312
2
397
100
801
diningtable
0.3337343
158
640
311
744
801
sofa
0.37594983
162
2
248
314
801
chair
0.69472677
151
640
304
740
802
laptop
0.6709681
312
3
397
101
802
diningtable
0.3343908
159
640
311
743
802
sofa
0.36598197
161
4
249
306
802
chair
0.7013669
153
639
304
740
803
laptop
0.7184531
311
3
398
100
803
diningtable
0.36693606
159
638
311
745
803
sofa
0.34096098
162
3
248
310
803
chair
0.30879706
177
684
306
746
803
chair
0.6978106
153
637
304
740
804
laptop
0.7664654
310
3
397
101
804
diningtable
0.38549513
158
636
311
745
804
chair
0.67682177
151
637
305
742
805
laptop
0.74751794
310
3
400
100
805
diningtable
0.40565446
158
635
312
746
805
sofa
0.31396893
164
4
252
306
805
chair
0.67622
150
637
306
742
806
laptop
0.6766835
309
2
400
101
806
diningtable
0.41137156
157
634
313
746
806
chair
0.6916943
148
636
307
743
807
laptop
0.6341139
310
3
398
100
807
diningtable
0.3782472
158
636
313
745
807
chair
0.64063144
148
636
308
743
808
diningtable
0.32766715
159
636
312
742
808
chair
0.6283704
150
636
306
741
809
diningtable
0.37116334
161
634
310
740
809
sofa
0.31633043
145
3
406
328
809
sofa
0.31838688
160
4
255
288
809
chair
0.51154417
152
633
304
739
810
diningtable
0.33072364
160
633
311
739
810
chair
0.5610866
153
632
304
737
811
diningtable
0.42994505
161
632
311
737
811
chair
0.5655766
154
631
304
736
812
diningtable
0.34857315
160
627
312
735
812
sofa
0.33300394
165
0
260
294
812
chair
0.59439284
155
628
303
733
813
chair
0.65840346
154
628
304
732
814
chair
0.58734065
165
624
315
729
815
chair
0.6257512
167
625
316
727
816
chair
0.7727213
167
626
319
726
817
chair
0.87354547
165
628
319
724
818
chair
0.8861041
166
625
317
723
819
chair
0.88612115
159
617
317
713
820
sofa
0.4850347
157
0
403
294
820
chair
0.78355324
160
614
320
712
821
sofa
0.5216823
156
0
404
295
821
chair
0.87249386
160
610
321
710
822
sofa
0.45627522
153
0
406
291
822
chair
0.9071255
158
607
322
704
823
chair
0.94138706
157
606
321
698
824
chair
0.87237304
159
604
325
696
825
chair
0.90428704
158
603
325
692
825
bottle
0.36489683
169
177
220
209
826
chair
0.835351
159
601
330
687
827
chair
0.8805662
158
597
327
676
828
chair
0.9407726
159
603
325
669
829
chair
0.8519575
155
587
328
667
829
bottle
0.46302497
170
155
219
188
830
chair
0.85763395
155
584
334
661
830
bottle
0.33871982
167
150
222
184
831
vase
0.3960227
175
346
237
380
831
chair
0.8485555
154
581
337
657
831
bottle
0.35861593
168
147
220
178
832
vase
0.40224192
176
340
238
375
832
chair
0.7632981
155
579
342
653
833
chair
0.85105985
158
579
334
641
834
chair
0.87831247
159
576
335
635
835
vase
0.45267525
177
328
240
363
835
chair
0.90148365
158
573
335
631
836
vase
0.7056994
178
323
240
358
836
chair
0.88987
157
569
337
625
837
vase
0.7626593
179
320
241
356
837
chair
0.95769536
157
564
341
620
838
vase
0.75902003
178
316
241
351
838
chair
0.9540815
159
561
339
616
839
vase
0.56900835
178
312
243
348
839
chair
0.9555967
162
559
342
612
840
vase
0.51397806
179
309
243
345
840
chair
0.85306907
163
560
336
609
841
tvmonitor
0.81886154
161
3
259
72
841
chair
0.9160527
156
555
335
608
842
tvmonitor
0.8306231
162
4
257
68
842
chair
0.4591159
162
555
334
601
843
tvmonitor
0.7388009
162
4
257
65
844
tvmonitor
0.8660452
161
5
256
61
844
chair
0.6190979
164
550
332
592
845
tvmonitor
0.79181325
159
4
258
59
845
chair
0.8311825
166
547
334
590
846
laptop
0.51345724
307
1
404
101
846
tvmonitor
0.7671261
160
1
262
53
846
chair
0.76256776
167
547
334
584
847
laptop
0.6278387
309
2
403
99
847
tvmonitor
0.8800525
160
1
265
52
847
chair
0.6853362
167
546
336
579
848
laptop
0.69372874
308
2
403
99
848
tvmonitor
0.9283591
160
2
259
51
848
chair
0.5016378
165
545
333
576
849
laptop
0.5850304
307
1
403
98
849
tvmonitor
0.96496886
160
1
258
48
850
laptop
0.54677534
305
2
403
98
850
tvmonitor
0.9663269
161
1
256
45
851
laptop
0.60273194
305
2
404
97
851
tvmonitor
0.95321614
161
1
257
43
852
laptop
0.5952843
305
2
404
98
852
tvmonitor
0.93227196
162
1
258
42
853
laptop
0.6088172
305
2
404
98
853
tvmonitor
0.82023185
163
1
257
42
854
laptop
0.5754215
307
2
403
98
854
tvmonitor
0.87608004
164
1
255
41
855
laptop
0.6397502
305
2
403
99
855
tvmonitor
0.8471182
165
1
258
41
856
laptop
0.66726005
305
2
403
98
856
tvmonitor
0.6891066
166
0
258
39
857
laptop
0.60804904
305
2
403
98
857
tvmonitor
0.6215781
166
0
247
27
858
laptop
0.7999536
305
2
403
99
858
tvmonitor
0.6525038
166
0
247
26
859
laptop
0.6440392
306
2
403
98
859
tvmonitor
0.7329871
166
0
247
25
860
laptop
0.8697815
305
2
403
98
860
tvmonitor
0.74350625
166
0
248
23
861
laptop
0.3563959
305
0
403
98
861
tvmonitor
0.6750256
166
0
248
22
862
tvmonitor
0.69343793
165
0
249
20
863
laptop
0.41709942
307
0
404
98
863
tvmonitor
0.46204802
163
0
251
20
864
tvmonitor
0.56085515
155
0
242
18
864
bottle
0.42630732
171
49
228
78
865
tvmonitor
0.44690654
155
1
240
16
868
bottle
0.31473225
174
39
228
67
869
bottle
0.30065724
175
32
227
64
870
diningtable
0.38195276
167
573
392
751
870
chair
0.4122567
201
571
404
755
872
person
0.463632
95
433
406
603
875
backpack
0.4677841
118
464
366
615
876
laptop
0.5244186
308
1
402
103
877
laptop
0.65909857
307
2
400
102
878
laptop
0.6514843
307
2
400
102
879
refrigerator
0.9160624
6
3
393
319
879
laptop
0.53776306
307
1
401
103
880
laptop
0.5133634
308
1
400
102
881
laptop
0.60226333
308
1
400
102
882
laptop
0.5268295
308
1
400
101
882
backpack
0.64849436
92
424
347
585
882
person
0.35915726
77
420
406
606
883
laptop
0.61516434
308
2
399
101
883
backpack
0.34358805
113
425
319
553
883
bench
0.36317617
267
227
393
743
883
person
0.85844886
77
416
406
594
884
laptop
0.6904221
308
2
400
101
884
diningtable
0.33212224
178
549
373
752
884
backpack
0.6114745
118
424
321
543
884
person
0.877438
78
417
406
584
885
laptop
0.73542124
308
2
399
101
885
backpack
0.56377804
112
420
383
552
885
person
0.95213133
87
406
398
578
886
laptop
0.6487303
308
3
399
100
886
backpack
0.6924109
129
417
367
545
886
person
0.98098826
87
398
399
567
887
laptop
0.47843736
308
3
399
100
887
backpack
0.6884266
127
419
366
538
887
person
0.97103935
77
392
406
564
888
laptop
0.5113616
308
2
399
100
888
backpack
0.6056573
122
403
368
520
888
person
0.93304753
78
394
406
558
889
laptop
0.39118838
308
2
399
101
889
backpack
0.58450776
122
396
371
523
889
person
0.9117331
84
391
406
557
890
laptop
0.4451296
308
1
399
101
890
backpack
0.59619087
137
391
362
522
890
person
0.7602751
85
377
406
540
891
laptop
0.5866848
308
1
399
101
891
backpack
0.42116612
122
386
327
513
891
person
0.71468496
82
375
406
537
892
laptop
0.47821292
309
2
399
100
892
diningtable
0.3018156
183
499
373
756
892
backpack
0.33748958
105
385
343
512
892
person
0.89091086
79
377
406
531
893
laptop
0.41337577
310
2
398
100
893
diningtable
0.32550988
184
497
366
757
893
bench
0.37276965
269
490
406
587
893
person
0.96535
112
396
388
504
894
laptop
0.48093405
311
2
397
100
894
diningtable
0.35722148
151
474
399
758
894
backpack
0.3549129
117
374
328
486
894
person
0.9654543
110
393
390
501
895
diningtable
0.42323655
154
476
398
758
895
backpack
0.6441532
116
370
332
484
895
person
0.9162374
110
388
388
498
896
diningtable
0.45032963
154
472
398
758
896
backpack
0.6452867
121
369
326
480
896
person
0.7206244
126
370
368
487
897
laptop
0.78876054
310
0
396
105
897
diningtable
0.49593508
152
470
400
758
897
backpack
0.366469
121
368
326
478
897
person
0.92473316
124
368
376
487
898
laptop
0.9419695
306
0
399
106
898
diningtable
0.6361052
157
477
399
758
898
backpack
0.68147606
115
367
329
480
898
person
0.94651824
109
370
387
486
899
laptop
0.86927307
306
0
398
107
899
diningtable
0.7326919
156
478
400
758
899
bowl
0.48941374
186
705
225
755
899
backpack
0.61525
117
368
325
480
899
person
0.92740446
111
369
388
486
900
laptop
0.9573108
307
0
398
107
900
diningtable
0.7571016
157
473
400
758
900
cup
0.5259362
185
702
225
753
900
backpack
0.5601905
119
370
324
481
900
person
0.82054156
118
370
381
488
901
laptop
0.93254775
307
0
398
109
901
diningtable
0.67526644
159
469
400
758
901
bowl
0.34526947
184
697
226
753
901
cup
0.3265492
184
697
226
753
901
backpack
0.4734555
118
372
327
480
901
person
0.91128707
119
370
382
489
902
laptop
0.8760344
308
0
399
108
902
diningtable
0.53951585
160
469
399
758
902
cup
0.37939134
184
694
225
749
902
backpack
0.7727562
114
371
328
481
902
person
0.7424598
120
370
378
487
903
laptop
0.8587064
308
2
400
102
903
diningtable
0.52656615
156
463
398
755
903
backpack
0.705278
112
369
329
480
903
person
0.9172547
117
369
385
486
904
laptop
0.93414444
307
2
400
100
904
diningtable
0.45679113
156
456
397
756
904
backpack
0.5735688
107
363
334
476
904
person
0.95865893
117
368
388
481
905
laptop
0.9508267
307
2
400
100
905
diningtable
0.55349016
157
457
399
755
905
backpack
0.50112146
105
359
335
473
905
person
0.9528247
113
359
392
475
906
laptop
0.9447455
307
2
399
101
906
diningtable
0.5237427
161
456
399
756
906
person
0.9672389
117
361
390
471
907
laptop
0.9132737
307
3
399
100
907
diningtable
0.69570243
162
448
398
758
907
backpack
0.48254222
132
343
364
464
907
person
0.9348463
119
353
385
471
908
laptop
0.97435826
306
3
400
101
908
diningtable
0.6953008
165
447
397
758
908
backpack
0.5774443
106
344
338
456
908
person
0.82500494
113
355
387
469
909
laptop
0.9753223
305
2
401
102
909
diningtable
0.6201442
160
450
399
758
909
cup
0.32783872
185
676
224
728
909
backpack
0.6252586
110
340
334
452
909
person
0.8452715
118
340
380
457
910
laptop
0.9780245
305
2
400
102
910
diningtable
0.6337104
159
449
399
757
910
cup
0.46494636
184
673
224
724
910
backpack
0.31463882
110
335
338
452
910
person
0.9319377
121
336
378
457
911
laptop
0.9850126
304
1
401
102
911
diningtable
0.5909593
163
452
398
755
911
cup
0.59884393
184
672
224
724
911
person
0.8273182
123
330
377
456
912
laptop
0.9806423
304
1
401
102
912
diningtable
0.5272233
162
451
398
756
912
cup
0.53330576
184
670
224
723
912
person
0.71293914
116
323
385
456
913
laptop
0.97185075
304
2
401
102
913
diningtable
0.4221016
165
447
398
758
913
cup
0.46030024
184
669
224
722
913
person
0.74427503
131
328
373
457
914
laptop
0.9676024
304
2
401
102
914
diningtable
0.5240612
165
446
397
757
914
cup
0.46019515
184
667
224
721
914
person
0.92643523
117
329
383
461
915
laptop
0.96663755
305
2
401
101
915
diningtable
0.52240866
163
443
398
757
915
person
0.57645524
139
333
396
459
916
laptop
0.97720677
304
1
400
101
916
diningtable
0.6097339
162
443
399
758
917
laptop
0.97755456
305
1
400
101
917
diningtable
0.6596526
163
448
398
758
917
person
0.77275133
88
326
404
509
918
laptop
0.9775631
305
2
400
101
918
diningtable
0.52396077
163
458
398
753
918
cup
0.30435458
184
658
223
709
919
laptop
0.97108346
305
1
400
101
919
diningtable
0.6539178
161
466
400
753
919
cup
0.64850974
182
655
222
706
919
person
0.5406607
84
347
406
530
920
laptop
0.9744277
305
1
399
101
920
diningtable
0.41450223
155
478
401
755
920
cup
0.72263986
182
652
222
703
920
person
0.86984915
92
357
406
542
921
laptop
0.95833606
305
1
399
101
921
diningtable
0.41112453
155
493
404
753
921
cup
0.725181
183
649
221
697
921
person
0.6189808
81
366
406
548
922
laptop
0.95263135
306
1
399
99
922
diningtable
0.46391755
158
496
404
753
922
cup
0.4533818
181
644
222
693
923
laptop
0.9562253
305
0
399
100
923
diningtable
0.549206
157
496
405
750
923
cup
0.4557908
183
639
221
689
924
laptop
0.9637076
305
0
399
101
924
diningtable
0.5805799
171
506
379
744
924
chair
0.44259948
165
339
316
386
924
cup
0.5352591
182
635
220
684
924
person
0.48995948
194
415
403
541
925
laptop
0.9677984
305
0
400
101
925
chair
0.8073723
167
337
317
391
925
person
0.48080033
191
413
406
543
926
laptop
0.9625879
305
0
400
102
926
chair
0.84541976
167
337
322
392
926
person
0.6439271
195
381
406
564
927
laptop
0.965571
305
0
400
103
927
diningtable
0.3865893
183
513
406
744
927
chair
0.83300763
164
335
318
392
927
cup
0.45562878
181
620
219
670
928
laptop
0.91773516
305
0
400
103
928
diningtable
0.3796546
147
493
406
752
928
chair
0.6329123
167
338
323
391
928
cup
0.80750847
181
616
218
663
929
laptop
0.9632558
305
0
400
103
929
diningtable
0.42094922
191
515
406
751
929
chair
0.73123527
162
328
340
416
929
cup
0.85706204
181
610
217
660
930
laptop
0.970859
304
0
400
104
930
diningtable
0.4397812
190
513
406
748
930
chair
0.6384619
165
326
341
419
930
cup
0.55631447
181
607
218
654
931
laptop
0.9014773
304
0
400
103
931
diningtable
0.5539917
192
515
406
745
931
chair
0.75645393
167
325
339
423
931
cup
0.72117805
181
603
218
647
932
laptop
0.95596004
305
0
399
103
932
diningtable
0.4168802
197
517
406
740
932
chair
0.39458764
172
414
263
470
932
chair
0.824205
168
323
340
426
932
cup
0.87478817
182
596
216
641
933
laptop
0.96214586
305
0
399
103
933
sofa
0.3845348
189
13
355
125
933
chair
0.45453158
174
412
265
471
933
chair
0.68314636
169
321
342
424
933
cup
0.53276116
180
593
217
636
934
laptop
0.8904269
305
0
399
104
934
diningtable
0.44523674
125
408
402
716
934
sofa
0.43497077
220
12
328
122
934
chair
0.31821537
169
319
336
354
934
chair
0.33874556
220
12
328
122
934
chair
0.64740103
172
319
341
419
934
cup
0.48128355
180
587
215
631
935
laptop
0.83487797
305
0
400
105
935
chair
0.7045888
174
314
363
428
935
cup
0.49863783
179
579
215
626
936
laptop
0.7945228
304
0
400
104
936
chair
0.5148384
176
312
365
426
937
laptop
0.8510023
304
0
400
103
937
chair
0.31543818
226
3
319
119
937
chair
0.39004472
159
401
267
453
937
chair
0.43358386
172
308
371
426
937
bird
0.30052313
89
405
406
607
938
laptop
0.89353585
305
0
401
102
938
diningtable
0.30629253
254
110
404
745
938
chair
0.38969126
171
305
373
432
938
chair
0.58223426
228
0
312
109
938
bird
0.5219685
102
406
402
616
939
laptop
0.5672322
305
0
401
102
939
chair
0.3857893
159
397
265
450
939
chair
0.56697756
229
1
307
106
941
chair
0.3005132
171
300
263
389
941
chair
0.32820687
162
391
267
447
941
chair
0.36756304
155
296
346
420
942
diningtable
0.30437583
175
391
266
493
942
chair
0.69092596
167
294
340
390
943
laptop
0.63840365
307
0
398
101
943
chair
0.43767035
165
386
271
448
943
chair
0.6394692
163
291
341
393
944
clock
0.52560246
0
118
406
758
944
laptop
0.7922426
306
0
399
100
945
person
0.64844924
0
50
406
715
955
laptop
0.49845368
308
3
401
102
957
laptop
0.38355187
308
4
401
101
958
laptop
0.7540745
307
5
401
100
959
laptop
0.57159394
308
5
400
100
960
laptop
0.79482555
306
5
401
101
961
laptop
0.38957804
309
2
403
99
962
laptop
0.59878594
307
3
403
99
963
laptop
0.5848591
306
3
403
99
965
laptop
0.33506012
306
2
404
101
967
laptop
0.4683447
306
3
402
99
972
laptop
0.8915353
305
4
403
98
973
laptop
0.50135076
306
4
403
100
974
laptop
0.3472343
305
3
404
100
975
laptop
0.6580632
305
3
405
99
976
laptop
0.7817872
305
4
403
100
977
laptop
0.87658924
305
3
404
100
978
laptop
0.83601886
305
3
403
100
979
laptop
0.7994301
304
3
404
100
980
laptop
0.74084496
304
2
404
100
981
laptop
0.63793784
304
2
404
100
982
laptop
0.538941
304
2
404
100
984
laptop
0.4452646
305
1
403
100
985
laptop
0.30115604
307
2
402
100
988
laptop
0.47603235
305
1
403
100
989
laptop
0.7164463
305
2
403
100
990
laptop
0.7054648
305
3
402
100
991
laptop
0.49515867
306
2
403
101
992
laptop
0.67348284
305
2
403
102
993
laptop
0.3970101
306
1
403
100
994
laptop
0.86279297
306
3
402
100
995
laptop
0.6480149
306
2
403
100
996
laptop
0.9052103
307
3
402
101
997
laptop
0.73591393
306
2
402
101
998
laptop
0.7300415
306
2
402
102
999
laptop
0.78365445
307
2
403
100
1000
laptop
0.52723366
308
1
403
100
1001
laptop
0.77067286
305
2
403
101
1002
laptop
0.7520121
306
2
402
100
1003
laptop
0.77220196
307
2
402
101
1004
laptop
0.7417235
307
2
402
101
1005
laptop
0.6834765
307
2
402
101
1006
laptop
0.52379584
307
2
403
100
1007
laptop
0.39283556
308
1
403
101
1008
laptop
0.57871616
307
2
402
101
1009
laptop
0.55292356
309
3
402
101
1010
laptop
0.6105073
308
3
402
100
1012
laptop
0.53307295
307
2
403
101
1013
laptop
0.53869945
306
2
402
101
1014
laptop
0.53050977
307
2
402
103
1015
laptop
0.7211058
308
3
402
100
1016
laptop
0.6799346
307
3
402
99
1017
laptop
0.41892987
309
2
403
99
1018
laptop
0.41302097
308
1
403
101
1020
laptop
0.39818257
308
2
403
101
1021
laptop
0.47239324
309
2
402
101
1022
laptop
0.39974415
308
2
402
100
1023
laptop
0.5452137
308
2
402
99
1024
laptop
0.5341854
308
3
401
100
1025
laptop
0.587256
309
3
401
100
1026
laptop
0.5467583
309
2
402
100
1027
laptop
0.6113726
307
2
402
100
1028
laptop
0.3923656
309
1
402
101
1030
laptop
0.39473027
309
2
402
100
1031
laptop
0.50384116
309
2
402
100
1032
laptop
0.32916915
309
2
402
101
1036
laptop
0.38183042
310
3
402
100
1043
laptop
0.30460238
311
2
403
100
1046
laptop
0.34563056
311
3
402
99
1049
laptop
0.5187472
310
4
403
100
1050
laptop
0.6076843
310
5
403
98
1051
laptop
0.5604079
311
4
402
99
1052
laptop
0.3101017
311
2
403
101
1053
laptop
0.57180625
311
3
403
100
1054
laptop
0.50831074
310
3
403
100
1055
laptop
0.6322906
308
4
401
101
1056
laptop
0.65418893
308
3
402
100
1057
laptop
0.37954548
308
2
402
101
1058
laptop
0.5605622
306
3
403
101
1061
laptop
0.3275834
307
4
403
100
1062
laptop
0.43629098
307
4
403
100
1063
laptop
0.30044666
306
4
403
101
1066
laptop
0.35607323
306
3
403
101
1075
laptop
0.49704707
306
4
404
101
1076
laptop
0.4951029
307
4
403
102
1077
laptop
0.6790537
305
4
403
101
1078
laptop
0.628284
307
3
402
101
1079
laptop
0.6529594
307
3
403
101
1080
laptop
0.3139387
309
3
403
100
1092
person
0.47681126
0
59
406
709
1093
person
0.60550374
0
50
406
715
1094
oven
0.70710486
0
110
406
752
1094
laptop
0.8033054
305
3
403
101
1095
laptop
0.9162216
307
1
401
100
1096
laptop
0.9009218
305
0
401
102
1096
chair
0.49039912
222
259
393
365
1097
laptop
0.8039919
305
1
401
101
1097
chair
0.37556252
167
246
386
375
1098
laptop
0.3947334
306
1
399
101
1098
cup
0.33327582
181
515
220
560
1099
laptop
0.37109765
308
1
399
100
1099
chair
0.38301417
168
271
387
387
1100
laptop
0.34412652
307
0
400
101
1100
chair
0.8182461
161
272
389
392
1101
diningtable
0.4277174
153
394
406
721
1101
chair
0.80654377
164
279
388
403
1102
diningtable
0.36349973
149
389
400
739
1102
chair
0.5000489
231
302
387
414
1103
diningtable
0.6632994
148
397
402
731
1103
chair
0.6546769
231
310
390
418
1103
cup
0.7623801
182
562
221
610
1104
laptop
0.3062599
307
0
401
104
1104
diningtable
0.58630204
142
400
405
743
1104
chair
0.33273378
159
415
287
479
1104
chair
0.45071188
228
317
388
428
1105
diningtable
0.78412735
151
409
403
743
1105
chair
0.43051213
160
420
289
482
1106
laptop
0.6476535
308
0
399
101
1106
diningtable
0.6759626
149
443
406
745
1106
chair
0.37330842
159
425
285
487
1107
laptop
0.5700751
308
0
398
104
1107
diningtable
0.60132515
157
443
403
747
1107
chair
0.5984943
160
428
287
487
1107
chair
0.68104714
159
326
393
451
1107
cup
0.37059975
184
598
224
650
1108
laptop
0.74530756
308
0
399
102
1108
diningtable
0.60438764
156
447
406
748
1108
chair
0.4216204
160
431
287
490
1108
cup
0.68867576
182
605
226
660
1109
laptop
0.74008703
309
1
398
101
1109
diningtable
0.45970014
179
446
406
748
1109
chair
0.3358249
159
438
286
506
1109
chair
0.6134696
152
336
392
463
1110
laptop
0.68287766
308
0
399
101
1110
diningtable
0.61905915
156
460
405
751
1110
chair
0.3660092
155
341
394
489
1110
chair
0.5954738
160
439
288
507
1110
cup
0.49095216
184
624
227
679
1111
laptop
0.5955452
308
0
399
101
1111
diningtable
0.7271267
162
453
402
753
1111
chair
0.5654725
158
442
291
509
1111
chair
0.6215974
155
345
397
486
1112
laptop
0.6428746
308
0
399
103
1112
diningtable
0.6794383
180
453
406
758
1112
chair
0.53411275
160
446
289
514
1112
chair
0.66067666
158
352
398
490
1113
diningtable
0.60811204
163
450
396
757
1113
chair
0.51319695
162
349
391
494
1113
chair
0.56145406
161
446
286
517
1114
diningtable
0.78112215
157
458
402
755
1114
chair
0.4856358
163
448
283
516
1115
diningtable
0.7016132
156
465
401
758
1115
chair
0.3096187
165
453
282
520
1116
diningtable
0.7548457
184
464
406
758
1116
bowl
0.41101795
187
675
234
739
1117
laptop
0.5562909
307
1
400
102
1117
diningtable
0.7220423
158
467
402
751
1117
chair
0.41330248
160
372
390
524
1118
laptop
0.8140647
306
2
400
102
1118
diningtable
0.62143743
158
470
401
749
1118
chair
0.38532096
161
466
286
536
1118
chair
0.6208749
160
369
395
533
1119
laptop
0.85992944
306
1
400
103
1119
diningtable
0.4873289
175
483
374
736
1119
chair
0.3196065
162
466
285
537
1119
chair
0.49975538
160
373
397
532
1120
laptop
0.87194103
307
0
400
103
1120
diningtable
0.4352804
178
483
373
735
1121
laptop
0.89965075
306
0
400
102
1121
diningtable
0.4479082
179
469
406
757
1121
sofa
0.40458426
201
26
362
186
1121
chair
0.45883933
201
415
406
550
1121
chair
0.51002765
164
474
282
544
1121
chair
0.5896917
171
378
383
472
1122
laptop
0.94721997
304
1
401
102
1122
diningtable
0.31931683
154
467
399
758
1122
sofa
0.37976006
200
27
360
188
1122
chair
0.32304576
171
381
373
470
1122
chair
0.81056166
194
413
406
556
1123
laptop
0.93698496
307
0
400
102
1123
diningtable
0.55783457
153
476
399
758
1123
chair
0.8193477
167
408
392
556
1124
laptop
0.98401284
305
0
401
102
1124
diningtable
0.621233
181
504
406
757
1124
chair
0.40995562
162
482
284
553
1124
chair
0.9121734
162
409
397
565
1125
laptop
0.9819859
305
0
402
103
1125
diningtable
0.48733687
182
508
406
753
1125
chair
0.32015646
162
485
283
553
1125
chair
0.8616086
163
414
399
565
1126
laptop
0.9909225
305
0
402
102
1126
diningtable
0.7177242
176
505
382
743
1126
sofa
0.6558201
190
60
371
193
1126
chair
0.36621627
213
65
381
191
1126
chair
0.6902042
176
409
384
601
1127
laptop
0.9912969
305
0
401
103
1127
diningtable
0.6429834
180
504
377
748
1127
sofa
0.57690626
187
67
374
198
1127
chair
0.30588678
210
71
385
197
1127
chair
0.33275136
170
400
375
496
1127
chair
0.7805565
176
409
384
600
1128
laptop
0.99220777
306
0
401
104
1128
diningtable
0.6347319
178
503
377
747
1128
sofa
0.40483662
193
75
372
202
1128
chair
0.31413153
167
399
376
500
1128
chair
0.38550866
213
78
382
201
1128
chair
0.7599049
176
410
381
602
1129
laptop
0.9881947
306
0
401
106
1129
diningtable
0.54970926
180
507
374
745
1129
sofa
0.49955118
194
78
371
205
1129
chair
0.30127507
167
401
379
497
1129
chair
0.4279663
213
79
382
205
1129
chair
0.7622408
173
410
389
609
1130
laptop
0.9908281
307
0
401
102
1130
diningtable
0.31101882
199
413
406
617
1130
diningtable
0.53255695
183
517
369
747
1130
sofa
0.4788008
218
86
381
209
1130
chair
0.46883747
174
411
387
613
1130
chair
0.47362632
218
86
381
209
1131
laptop
0.95460635
309
0
400
104
1131
diningtable
0.32478696
179
416
377
612
1131
diningtable
0.62061
184
517
356
745
1131
chair
0.40207198
219
90
381
208
1131
chair
0.6223787
185
447
406
590
1132
laptop
0.9291607
309
0
398
109
1132
diningtable
0.5557678
186
512
356
750
1132
chair
0.4318348
216
93
385
210
1132
chair
0.6112808
204
440
404
629
1133
laptop
0.9630793
309
0
397
109
1133
diningtable
0.54211336
184
504
346
747
1133
chair
0.42249995
158
407
349
493
1133
chair
0.91121936
190
460
406
609
1134
laptop
0.93382275
310
0
397
110
1134
diningtable
0.4428004
184
508
343
744
1134
chair
0.45965514
161
417
348
468
1134
chair
0.9380104
187
462
406
609
1135
laptop
0.93758476
308
0
397
111
1135
diningtable
0.42015362
183
507
344
746
1135
chair
0.45812088
165
415
344
469
1135
chair
0.84154487
188
463
406
610
1136
laptop
0.9114447
309
0
397
111
1136
diningtable
0.49419135
184
504
346
741
1136
chair
0.38648692
166
417
344
468
1136
chair
0.68673176
189
469
406
613
1136
bench
0.3447441
196
454
406
649
1137
laptop
0.8579545
309
0
396
111
1137
diningtable
0.4713821
186
498
351
746
1137
chair
0.7267546
170
417
340
473
1137
chair
0.7893802
182
469
406
616
1138
laptop
0.9173111
307
1
398
123
1138
diningtable
0.42567283
185
492
355
741
1138
chair
0.5025772
185
461
406
657
1138
chair
0.6990595
167
421
337
472
1138
bench
0.3177813
187
488
406
640
1139
laptop
0.94715816
308
0
398
126
1139
diningtable
0.48792964
184
492
359
734
1139
chair
0.67148644
175
465
390
656
1139
chair
0.81347287
168
423
339
473
1140
laptop
0.91996014
309
0
396
111
1140
diningtable
0.524424
183
492
367
733
1140
chair
0.3957059
177
470
385
656
1140
chair
0.58081836
170
425
343
473
1141
laptop
0.9580139
309
0
396
108
1141
diningtable
0.5685672
185
487
366
738
1141
chair
0.3932858
179
470
380
663
1141
chair
0.606239
171
426
341
475
1142
laptop
0.97918147
309
0
395
107
1142
diningtable
0.33325735
233
479
400
709
1142
diningtable
0.55092597
188
568
328
753
1142
chair
0.39201096
179
471
381
665
1142
chair
0.6368028
172
429
340
478
1142
bench
0.4750902
218
465
399
683
1143
laptop
0.9706393
309
0
396
109
1143
diningtable
0.55815834
182
484
373
727
1143
diningtable
0.574728
188
572
326
752
1143
bench
0.727642
210
467
398
683
1144
laptop
0.89591616
309
1
398
101
1144
diningtable
0.38050947
188
573
326
754
1144
diningtable
0.49630213
182
486
377
732
1144
bench
0.6426223
221
481
400
720
1144
person
0.6066413
108
296
396
413
1145
laptop
0.7985324
307
1
399
99
1145
diningtable
0.41395888
178
485
384
733
1145
diningtable
0.5308027
187
574
329
754
1145
bench
0.60965925
208
483
399
727
1146
laptop
0.8347196
307
1
400
100
1146
diningtable
0.40472013
177
487
382
735
1146
diningtable
0.57895154
185
577
325
754
1146
bench
0.5805644
217
487
399
730
1147
laptop
0.8867127
308
0
400
99
1147
diningtable
0.61811984
185
579
327
755
1147
bench
0.7087136
206
497
402
732
1148
laptop
0.5514197
307
2
400
100
1148
diningtable
0.55154943
185
582
329
755
1148
bench
0.44093674
226
497
400
741
1149
diningtable
0.4888702
186
585
329
755
1149
sofa
0.3652425
211
11
390
213
1149
chair
0.3709834
211
11
390
213
1149
bench
0.3255927
180
495
377
729
1150
bench
0.3429264
180
493
379
737
1151
chair
0.7253736
170
435
379
513
1152
chair
0.49114323
171
435
376
515
1153
diningtable
0.3183946
192
590
343
753
1153
chair
0.74533695
167
436
378
513
1154
sofa
0.5024953
221
3
396
194
1155
laptop
0.34866592
308
3
401
103
1155
sofa
0.60386676
216
2
400
186
1155
chair
0.31389463
171
435
387
513
1156
sofa
0.4318768
223
0
398
182
1157
laptop
0.47614595
308
4
400
102
1157
chair
0.4389026
169
435
385
523
1157
bench
0.43530694
184
530
381
726
1158
chair
0.663248
172
439
388
524
1158
bench
0.45357072
187
553
360
755
1160
laptop
0.74895257
305
3
402
101
1161
laptop
0.8346743
305
3
400
102
1162
laptop
0.5193299
305
2
400
103
1163
laptop
0.33972362
306
1
399
103
1163
chair
0.845563
170
446
399
574
1164
chair
0.9543907
175
448
395
579
1165
chair
0.7818157
171
450
397
585
1166
chair
0.9436195
175
451
394
591
1167
laptop
0.8684385
308
3
401
99
1167
chair
0.9711401
178
447
392
598
1168
chair
0.5302311
162
550
312
643
1168
chair
0.9218681
180
451
406
609
1169
laptop
0.9149078
309
2
400
101
1169
chair
0.96461266
166
451
406
616
1170
laptop
0.8910679
310
2
399
103
1170
chair
0.8489299
164
454
406
621
1171
laptop
0.7557398
311
2
399
102
1171
chair
0.6160229
177
452
406
633
1172
laptop
0.50628275
311
1
400
103
1173
laptop
0.5031219
311
1
400
103
1174
laptop
0.5131692
311
1
401
102
1175
laptop
0.48874706
310
2
401
101
1176
laptop
0.50312585
310
2
400
102
1177
laptop
0.63656306
310
2
400
101
1177
diningtable
0.47871184
224
593
397
755
1177
chair
0.8568327
194
453
400
683
1178
laptop
0.3363843
199
456
401
679
1178
laptop
0.6285814
310
3
400
102
1178
diningtable
0.46989518
223
600
400
754
1178
chair
0.59295994
199
456
401
679
1179
laptop
0.6469169
310
2
400
102
1179
diningtable
0.45090693
228
596
400
754
1179
chair
0.74723667
203
450
398
680
1180
laptop
0.76142734
310
1
400
103
1180
chair
0.49939233
204
452
398
679
1180
person
0.6746746
122
334
376
464
1181
laptop
0.8612028
310
2
399
102
1181
chair
0.31209826
205
453
399
674
1182
laptop
0.8694315
310
2
399
102
1182
diningtable
0.43442968
228
661
397
755
1182
chair
0.40132296
205
452
401
674
1183
laptop
0.800307
310
2
399
102
1183
diningtable
0.31474724
225
664
399
755
1183
person
0.4356619
131
361
361
472
1184
laptop
0.8284822
309
1
399
102
1184
chair
0.36292788
206
453
403
661
1184
person
0.73430234
127
361
359
472
1185
laptop
0.7056192
309
1
398
103
1185
chair
0.3583048
215
454
403
671
1185
person
0.8698373
123
360
360
474
1186
laptop
0.7975617
309
1
398
102
1186
chair
0.4077274
220
455
403
671
1186
person
0.8724266
121
368
365
478
1187
laptop
0.8561993
309
2
398
102
1187
person
0.8509908
123
375
369
478
1188
laptop
0.8680122
308
2
399
101
1188
person
0.9084773
122
379
368
482
1189
laptop
0.8997258
309
1
398
101
1189
person
0.9462552
129
379
357
486
1190
laptop
0.8333332
310
3
398
100
1190
person
0.9536628
128
376
362
489
1191
laptop
0.85542285
310
4
397
99
1191
person
0.78403765
125
383
370
498
1192
laptop
0.84086245
310
4
397
99
1192
person
0.35192806
125
391
368
495
1193
laptop
0.7918
309
4
398
100
1193
tvmonitor
0.32974666
219
401
394
516
1194
laptop
0.7076702
309
2
398
100
1194
tvmonitor
0.45155278
216
393
401
507
1195
laptop
0.7258596
309
3
398
99
1196
laptop
0.54474926
309
3
398
99
1197
laptop
0.66399705
309
3
398
99
1198
laptop
0.6376112
309
3
398
99
1199
laptop
0.78498733
310
3
397
99
1199
chair
0.37525424
174
569
389
685
1200
laptop
0.855624
309
4
398
100
1200
diningtable
0.38395175
262
663
401
756
1200
chair
0.91113394
184
565
406
683
1201
laptop
0.73123914
309
4
398
101
1201
diningtable
0.6524523
268
658
400
755
1201
chair
0.71516746
188
564
403
675
1202
laptop
0.8533274
309
4
399
100
1202
diningtable
0.54393244
275
651
398
757
1202
chair
0.5049013
189
559
403
674
1203
laptop
0.5127777
309
4
398
100
1203
chair
0.34167564
176
555
388
678
1205
laptop
0.763266
307
3
403
97
1206
laptop
0.5724805
242
31
398
271
1206
laptop
0.86361015
305
4
403
98
1206
tvmonitor
0.5857668
242
31
398
271
1207
laptop
0.6604012
246
29
392
258
1207
laptop
0.95814157
302
4
404
98
1207
tvmonitor
0.32255802
246
29
392
258
1208
laptop
0.40802565
241
10
398
254
1208
laptop
0.6408459
303
3
404
100
1209
laptop
0.54345566
242
3
398
217
1210
laptop
0.339129
302
1
405
101
1210
laptop
0.49920565
230
10
402
205
1211
laptop
0.48174086
229
11
398
190
1211
laptop
0.8976445
304
2
403
103
1211
tvmonitor
0.45643428
229
11
398
190
1212
laptop
0.65106106
234
4
393
161
1212
laptop
0.8399107
305
5
402
125
1212
tvmonitor
0.4716051
234
4
393
161
1213
laptop
0.380179
229
0
397
145
1213
tvmonitor
0.46668524
229
0
397
145
1215
laptop
0.7414457
303
3
404
100
1216
laptop
0.8321505
304
1
403
101
1217
laptop
0.88697803
305
2
402
101
1218
laptop
0.71853584
305
3
403
103
1219
laptop
0.84846246
304
2
402
102
1219
person
0.35508513
105
517
289
691
1220
laptop
0.7963547
306
3
400
102
1220
chair
0.8487732
183
412
345
572
1221
refrigerator
0.63129264
43
619
290
755
1221
laptop
0.8329722
305
2
400
102
1221
diningtable
0.7306215
282
386
402
758
1221
chair
0.9706091
179
411
297
534
1221
person
0.41904926
112
528
278
690
1222
refrigerator
0.50600195
45
661
294
752
1222
laptop
0.8832287
305
0
400
102
1222
diningtable
0.5305659
285
368
403
758
1222
chair
0.97556645
176
401
299
525
1223
refrigerator
0.8510529
39
626
294
749
1223
laptop
0.38522837
309
3
399
101
1223
diningtable
0.4259233
286
352
402
758
1223
chair
0.9762672
176
390
299
513
1224
refrigerator
0.7930176
45
626
292
752
1224
laptop
0.50091803
310
3
399
101
1224
diningtable
0.6450689
288
324
400
758
1224
chair
0.95922154
178
378
298
502
1225
laptop
0.4474269
311
4
398
101
1225
diningtable
0.61659276
288
307
399
758
1225
chair
0.97847855
177
367
298
490
1226
laptop
0.54430246
310
4
398
100
1226
diningtable
0.91378224
281
270
403
757
1226
chair
0.9945277
173
357
299
476
1227
laptop
0.49206004
310
3
398
101
1227
diningtable
0.9261116
282
251
400
742
1227
chair
0.99181825
174
344
298
469
1228
laptop
0.32807326
311
3
399
101
1228
diningtable
0.82059646
287
210
395
707
1228
chair
0.99144256
171
337
299
460
1229
laptop
0.7179714
309
2
400
101
1229
diningtable
0.90814185
280
195
400
713
1229
chair
0.99615383
167
323
301
449
1230
laptop
0.60148615
309
1
400
101
1230
diningtable
0.91216546
279
161
399
727
1230
chair
0.9920021
170
314
299
438
1231
diningtable
0.9358393
275
123
401
741
1231
chair
0.99516946
166
306
294
427
1232
diningtable
0.87303025
274
114
401
737
1232
chair
0.99334675
168
293
289
415
1233
diningtable
0.5394292
267
92
399
749
1233
bed
0.59496593
130
91
400
758
1233
chair
0.9857407
166
288
292
407
1234
laptop
0.5198797
306
1
402
101
1234
diningtable
0.9854194
271
80
401
758
1234
chair
0.99483985
169
277
290
396
1235
diningtable
0.9719339
270
96
398
707
1235
chair
0.9954717
169
265
287
382
1236
diningtable
0.97135127
260
108
402
687
1236
chair
0.34027982
225
581
402
758
1236
chair
0.9899085
168
258
287
373
1237
laptop
0.8933094
307
1
403
98
1237
diningtable
0.9876891
260
97
404
680
1237
chair
0.99583703
171
243
283
361
1238
laptop
0.9405459
305
0
403
100
1238
diningtable
0.96218765
264
77
401
654
1238
chair
0.9935211
169
235
281
352
1239
laptop
0.9658111
306
1
401
100
1239
diningtable
0.89817244
261
61
397
586
1239
chair
0.992932
171
225
279
340
1240
laptop
0.9349538
306
2
400
100
1240
diningtable
0.87504935
259
67
393
549
1240
chair
0.9972962
171
212
277
328
1241
laptop
0.9418172
304
2
401
100
1241
diningtable
0.91869336
259
18
391
538
1241
chair
0.9954977
171
200
275
321
1241
person
0.43365034
93
549
399
749
1242
laptop
0.9598195
304
2
401
100
1242
diningtable
0.87219465
255
25
390
501
1242
chair
0.9957544
169
192
275
309
1243
laptop
0.9773059
303
1
402
100
1243
diningtable
0.921211
251
20
388
468
1243
chair
0.99774563
171
181
274
298
1244
laptop
0.97969127
302
1
403
102
1244
diningtable
0.91328776
254
1
387
451
1244
chair
0.98944694
172
170
274
293
1245
refrigerator
0.67446595
43
391
390
597
1245
laptop
0.98709506
302
0
403
102
1245
diningtable
0.9446746
255
8
388
419
1245
chair
0.9885689
172
163
275
279
1246
refrigerator
0.8234033
37
386
397
592
1246
laptop
0.98473525
302
0
403
102
1246
diningtable
0.92959064
254
11
390
396
1246
chair
0.9955762
170
151
272
269
1247
refrigerator
0.56913656
31
380
395
586
1247
laptop
0.98370576
302
0
403
103
1247
diningtable
0.8248913
256
10
394
372
1247
chair
0.980829
171
140
272
265
1248
laptop
0.3921332
262
0
397
329
1248
laptop
0.9843533
303
0
402
103
1248
diningtable
0.63152695
262
0
397
329
1248
chair
0.9907077
169
133
272
250
1249
refrigerator
0.3838266
42
363
401
555
1249
laptop
0.414307
271
7
395
306
1249
laptop
0.98196644
303
1
402
103
1249
diningtable
0.5775805
271
7
395
306
1249
chair
0.995098
168
121
269
239
1250
refrigerator
0.31089213
45
357
396
551
1250
laptop
0.5855019
270
4
394
296
1250
laptop
0.9806747
303
1
402
104
1250
diningtable
0.49361905
270
4
394
296
1250
chair
0.98503804
171
112
270
234
1251
refrigerator
0.618308
47
347
394
546
1251
laptop
0.7585553
269
12
393
284
1251
laptop
0.97607964
303
2
402
104
1251
diningtable
0.38037443
269
12
393
284
1251
chair
0.97011226
171
106
270
225
1252
refrigerator
0.4074605
49
339
392
536
1252
laptop
0.5636771
270
12
396
275
1252
laptop
0.964186
304
2
403
103
1252
diningtable
0.52746207
270
12
396
275
1252
chair
0.9733589
172
94
266
215
1253
refrigerator
0.3508044
42
331
396
525
1253
laptop
0.38797224
267
12
396
258
1253
laptop
0.9548429
304
2
402
103
1253
diningtable
0.6428969
267
12
396
258
1253
chair
0.93888015
172
85
267
212
1254
laptop
0.3058659
267
13
401
210
1254
laptop
0.96209383
304
2
403
103
1254
diningtable
0.6699115
255
21
398
242
1254
chair
0.9645351
172
78
269
203
1255
refrigerator
0.31718194
37
322
394
520
1255
laptop
0.4902329
263
12
404
212
1255
laptop
0.96844435
303
1
403
104
1255
diningtable
0.666191
255
22
400
234
1255
chair
0.9632529
171
70
268
193
1256
refrigerator
0.45139262
23
316
404
489
1256
laptop
0.47884
258
12
405
213
1256
laptop
0.9681049
304
0
402
104
1256
diningtable
0.79391956
246
28
399
227
1256
chair
0.9713429
170
58
266
187
1257
refrigerator
0.51734793
35
313
396
492
1257
laptop
0.9778272
304
0
402
104
1257
diningtable
0.79535276
255
11
402
211
1257
chair
0.9269908
174
51
270
178
1258
refrigerator
0.7224677
43
306
393
494
1258
laptop
0.9732143
304
0
402
104
1258
diningtable
0.77591527
252
11
400
204
1258
chair
0.84914106
173
46
269
171
1259
refrigerator
0.6311914
45
295
392
490
1259
laptop
0.9764544
305
0
401
104
1259
diningtable
0.7521097
252
9
397
194
1259
chair
0.66213614
174
38
268
164
1260
refrigerator
0.6984481
52
284
387
485
1260
laptop
0.9463326
304
0
401
107
1260
diningtable
0.626341
249
9
398
187
1260
chair
0.6303902
176
30
268
160
1261
refrigerator
0.7332379
55
281
386
478
1261
laptop
0.9739437
304
0
401
107
1261
diningtable
0.5492019
247
9
399
178
1261
chair
0.61493576
176
18
268
152
1262
refrigerator
0.6208069
55
277
385
471
1262
laptop
0.42215165
256
4
399
173
1262
laptop
0.94872355
303
0
402
107
1262
chair
0.91676986
173
18
268
147
1263
refrigerator
0.3911124
57
274
381
463
1263
laptop
0.31109688
261
0
401
170
1263
laptop
0.83184564
304
0
403
106
1263
chair
0.92088896
174
15
269
140
1264
refrigerator
0.7570671
51
270
384
456
1264
chair
0.9275256
174
8
269
134
1265
refrigerator
0.41272452
48
266
384
453
1265
chair
0.6224562
175
3
270
130
1266
refrigerator
0.45880115
48
264
386
449
1266
chair
0.54871947
175
2
271
127
1267
refrigerator
0.58659977
34
260
398
430
1267
person
0.35140958
112
425
386
531
1268
refrigerator
0.52881664
38
258
396
428
1268
backpack
0.43048576
191
442
285
504
1269
refrigerator
0.44887036
41
254
393
425
1271
laptop
0.35884297
304
1
401
128
1278
person
0.36141455
110
383
392
478
1279
person
0.7164533
107
380
394
475
1280
person
0.8271104
112
379
388
470
1281
person
0.3421698
126
377
378
466
1282
person
0.8406809
128
373
379
463
1294
laptop
0.35688993
307
2
402
100
1296
laptop
0.32542205
307
2
403
99
1297
laptop
0.3609665
307
2
403
99
1298
laptop
0.35254195
307
2
403
98
1299
laptop
0.3491435
307
2
403
98
1300
laptop
0.35757098
308
2
402
98
1302
laptop
0.33150747
308
2
402
99
1303
laptop
0.49684945
307
2
402
100
1303
chair
0.34499362
169
1
314
93
1304
laptop
0.58638024
307
2
402
100
1304
chair
0.3828267
171
3
306
92
1305
laptop
0.6979684
307
2
402
99
1305
chair
0.5077545
172
3
306
92
1306
laptop
0.64103574
307
2
402
99
1306
chair
0.48504677
173
3
306
92
1307
laptop
0.5492545
308
2
402
99
1307
chair
0.5439719
173
3
306
93
1308
laptop
0.56445825
307
2
402
98
1308
chair
0.57049876
173
3
306
93
1309
laptop
0.5310313
307
3
403
98
1309
chair
0.841768
173
3
305
94
1310
laptop
0.38877055
307
1
403
99
1310
chair
0.7664001
174
3
304
94
1311
laptop
0.66531193
305
2
403
100
1311
chair
0.87330216
174
3
304
95
1312
laptop
0.5408591
305
1
403
100
1312
chair
0.9443575
175
3
305
96
1313
laptop
0.47574735
306
1
402
100
1313
chair
0.93809414
175
4
303
96
1314
laptop
0.3474504
306
2
403
101
1314
chair
0.8844218
176
4
304
95
1315
laptop
0.681866
305
2
404
102
1315
chair
0.94167745
176
3
303
96
1316
laptop
0.70848536
304
2
404
102
1316
chair
0.9490585
174
4
303
97
1317
laptop
0.88565195
302
2
404
103
1317
chair
0.9161873
174
6
302
99
1318
laptop
0.8414992
302
2
405
104
1318
chair
0.886151
173
6
302
101
1319
refrigerator
0.30864856
45
224
394
421
1319
laptop
0.6971123
302
2
404
105
1319
chair
0.83726907
175
5
300
102
1320
laptop
0.8072424
301
1
403
108
1320
chair
0.7194225
176
6
301
104
1321
laptop
0.48196796
303
0
402
109
1321
chair
0.62536025
173
3
314
106
1322
chair
0.6186135
171
2
316
108
1323
chair
0.7544173
174
6
384
120
1324
laptop
0.3908704
307
1
400
106
1324
chair
0.94729763
176
5
382
124
1325
laptop
0.43568915
306
2
401
104
1325
chair
0.9659511
174
6
385
127
1326
laptop
0.48451027
305
3
402
103
1326
chair
0.962083
173
7
384
127
1327
refrigerator
0.7007917
54
238
386
433
1327
laptop
0.410172
305
4
401
103
1327
chair
0.96773434
176
11
381
128
1328
refrigerator
0.52867734
53
237
387
434
1328
laptop
0.5010153
304
4
401
103
1328
chair
0.9760543
175
12
379
131
1329
refrigerator
0.61193645
54
232
387
437
1329
laptop
0.44347194
305
4
401
103
1329
diningtable
0.40856597
188
9
404
133
1329
chair
0.9731454
173
14
382
132
1330
refrigerator
0.89846104
71
246
406
433
1330
diningtable
0.48719138
191
7
402
136
1330
chair
0.96987116
173
16
385
137
1331
refrigerator
0.88692886
68
249
406
430
1331
diningtable
0.39228854
191
7
403
139
1331
chair
0.974136
172
18
386
139
1332
diningtable
0.50049704
195
8
399
141
1332
chair
0.97162914
170
28
382
153
1333
diningtable
0.6749428
200
8
398
141
1333
chair
0.9845053
173
31
375
152
1334
diningtable
0.69035345
197
9
403
146
1334
chair
0.988954
175
34
377
155
1335
diningtable
0.8092984
200
10
401
147
1335
chair
0.9922595
174
36
379
157
1336
diningtable
0.7802334
202
10
401
147
1336
chair
0.991658
171
42
382
158
1337
diningtable
0.7543633
212
9
398
144
1337
chair
0.98967296
170
50
378
161
1338
diningtable
0.5821281
215
9
400
146
1338
chair
0.98640525
173
50
377
163
1339
diningtable
0.56831276
220
8
399
148
1339
chair
0.9771581
170
44
385
169
1340
diningtable
0.45994627
224
7
395
142
1340
chair
0.9932183
174
65
378
181
1341
diningtable
0.33978468
223
2
393
158
1341
chair
0.99156755
176
67
378
184
1342
refrigerator
0.4158656
78
282
406
460
1342
diningtable
0.5730366
217
2
396
168
1342
chair
0.99061257
173
73
380
188
1343
diningtable
0.7113623
215
2
397
171
1343
chair
0.9918836
170
78
383
191
1344
diningtable
0.779528
219
2
396
168
1344
chair
0.9949681
170
80
383
193
1345
diningtable
0.79178476
218
3
395
170
1345
chair
0.99302703
167
79
382
197
1346
diningtable
0.8208154
218
4
395
169
1346
chair
0.99244994
163
75
381
200
1347
diningtable
0.79293954
213
3
395
173
1347
chair
0.9894084
164
72
381
203
1348
diningtable
0.7543725
212
1
399
179
1348
chair
0.97776276
168
102
376
204
1349
diningtable
0.8276339
209
1
401
182
1349
chair
0.9809353
168
106
377
208
1350
diningtable
0.83383083
205
1
404
188
1350
chair
0.97961885
170
110
375
213
1351
diningtable
0.7948893
206
2
402
192
1351
chair
0.9707816
168
113
377
215
1352
diningtable
0.82049537
205
4
401
199
1352
chair
0.9607994
169
111
377
218
1353
diningtable
0.7115642
206
1
401
194
1353
chair
0.96304744
168
105
381
223
1354
diningtable
0.67014533
207
3
403
193
1354
chair
0.9542242
169
95
381
226
1355
diningtable
0.6773569
205
3
404
198
1355
chair
0.954241
168
95
385
229
1356
diningtable
0.6760411
204
2
404
199
1356
chair
0.9530608
169
93
386
230
1357
diningtable
0.6828819
203
3
406
194
1357
chair
0.95716375
168
94
387
234
1358
diningtable
0.6357376
203
1
406
190
1358
chair
0.9271702
166
93
389
239
1359
diningtable
0.67261255
206
0
406
190
1359
chair
0.8583673
165
94
392
243
1360
diningtable
0.75082487
206
2
402
189
1360
chair
0.9180671
162
92
395
247
1361
laptop
0.33302942
306
2
402
100
1361
diningtable
0.7807197
207
4
401
190
1361
chair
0.3038177
306
2
402
100
1361
chair
0.9506489
169
116
390
249
1362
diningtable
0.7556392
205
3
401
196
1362
chair
0.96863633
164
112
389
254
1363
laptop
0.43058136
305
2
401
99
1363
diningtable
0.79154193
203
5
402
194
1363
chair
0.97076494
162
114
382
255
1364
laptop
0.33219096
304
2
402
98
1364
diningtable
0.35156715
206
140
406
752
1364
diningtable
0.7398529
204
5
401
192
1364
chair
0.3245148
77
724
240
758
1364
chair
0.33321255
304
2
402
98
1364
chair
0.97327626
158
116
382
260
1365
laptop
0.51979226
303
2
403
99
1365
diningtable
0.30946267
206
127
406
757
1365
diningtable
0.32337582
184
50
360
259
1365
diningtable
0.72228557
204
4
401
194
1365
chair
0.96635586
162
115
373
264
1366
laptop
0.60766387
303
2
403
99
1366
diningtable
0.6542768
203
4
401
195
1366
chair
0.9752216
163
115
369
265
1367
laptop
0.6498442
303
4
401
98
1367
diningtable
0.34502414
208
115
405
743
1367
diningtable
0.71891904
203
8
350
198
1367
chair
0.93903834
162
126
347
261
1368
laptop
0.7875275
304
5
400
100
1368
diningtable
0.7316612
202
9
350
198
1368
chair
0.91695935
176
111
338
276
1369
laptop
0.8083203
305
5
401
100
1369
diningtable
0.3975327
207
121
404
732
1369
diningtable
0.7440868
201
10
351
201
1369
chair
0.3117832
32
664
234
758
1369
chair
0.92521435
178
114
336
275
1369
person
0.34055886
79
324
253
426
1370
laptop
0.7453486
303
5
402
99
1370
diningtable
0.35597572
209
114
402
734
1370
diningtable
0.7814517
201
11
348
199
1370
chair
0.38426107
29
654
236
758
1370
chair
0.90187854
175
113
329
277
1371
laptop
0.86417544
304
4
402
98
1371
diningtable
0.7657627
201
9
346
204
1371
chair
0.58022934
179
111
322
281
1371
chair
0.6038894
55
333
231
553
1371
person
0.34688562
79
324
247
426
1372
laptop
0.39302075
307
4
400
98
1372
diningtable
0.67870265
204
9
344
203
1372
chair
0.4657582
57
335
228
555
1372
person
0.51855195
78
323
243
426
1373
laptop
0.51872456
308
4
400
96
1373
diningtable
0.7250935
203
8
339
205
1373
chair
0.3942465
180
111
315
287
1373
person
0.7562864
76
323
242
427
1374
laptop
0.46284875
307
4
400
96
1374
diningtable
0.7532822
203
9
335
205
1374
chair
0.31695965
162
212
265
287
1374
chair
0.5124621
20
585
249
758
1374
person
0.85110825
76
322
241
429
1375
laptop
0.49998742
306
4
401
95
1375
diningtable
0.81684136
201
10
336
203
1375
chair
0.33660853
60
334
230
562
1375
chair
0.41566393
162
214
259
290
1375
chair
0.7793764
13
576
251
758
1375
person
0.89820224
76
323
239
428
1376
laptop
0.46857107
306
4
402
97
1376
diningtable
0.81411386
200
12
334
203
1376
chair
0.4275665
162
218
259
290
1376
chair
0.65491295
16
558
246
758
1376
person
0.9368811
77
324
236
428
1377
diningtable
0.81703025
198
11
330
206
1377
chair
0.442153
162
223
259
293
1377
chair
0.7831152
17
548
246
757
1377
person
0.82868
78
323
234
429
1378
diningtable
0.74776036
200
9
322
210
1378
chair
0.48975617
161
225
261
294
1378
chair
0.83379984
14
543
247
757
1378
person
0.75856894
77
324
233
429
1379
diningtable
0.7179379
198
8
321
211
1379
chair
0.38250995
160
227
263
294
1379
chair
0.69982326
10
337
254
756
1379
person
0.7108335
79
324
233
429
1380
laptop
0.3947828
307
3
401
97
1380
diningtable
0.6117558
196
11
317
210
1380
person
0.80379635
77
324
230
430
1381
laptop
0.5287279
306
2
402
99
1381
diningtable
0.734511
189
6
315
217
1381
chair
0.369303
160
236
255
297
1381
chair
0.5045679
1
479
269
752
1381
person
0.69713235
74
327
233
438
1382
laptop
0.7815023
305
1
403
100
1382
diningtable
0.7070981
191
4
312
220
1382
chair
0.36775506
0
357
276
758
1382
person
0.86027116
75
327
231
439
1383
laptop
0.8416275
304
1
403
100
1383
diningtable
0.63730586
188
4
309
220
1383
chair
0.3542945
161
243
252
302
1383
chair
0.3948821
0
366
273
758
1383
person
0.78498346
75
329
231
439
1384
laptop
0.9540647
303
0
402
102
1384
diningtable
0.73257005
184
3
307
221
1384
chair
0.31999922
167
0
219
32
1384
chair
0.509273
162
245
250
307
0
truck
0.6886645
62
58
237
531
0
car
0.69802886
64
37
238
550
0
dog
0.9896594
224
128
537
314
0
truck
0.91455966
85
475
170
689
0
bicycle
0.9935904
119
162
441
565
